"service_id","monday","tuesday","wednesday","thursday","friday","saturday","sunday","start_date","end_date"
1,1,1,1,1,1,0,0,20220214,20220511
2,1,1,1,1,1,0,0,20220214,20220511
3,0,0,0,1,1,0,0,20220214,20220511
4,0,1,0,0,0,0,0,20220214,20220511
5,0,0,0,0,0,0,0,20220214,20220511
6,0,0,0,0,0,0,0,20220214,20220511
7,0,0,0,0,0,0,0,20220214,20220511
8,0,0,0,0,0,0,1,20220214,20220511
9,0,0,0,0,0,0,0,20220214,20220511
10,0,0,0,0,0,1,0,20220214,20220511
11,0,0,0,0,0,0,0,20220214,20220511
12,0,0,0,0,0,0,0,20220214,20220511
13,0,0,0,0,0,0,0,20220214,20220511
14,1,0,0,0,0,0,0,20220214,20220511
15,0,0,1,0,0,0,0,20220214,20220511
16,0,0,0,1,0,0,0,20220214,20220511
17,0,0,0,0,1,0,0,20220214,20220511
18,0,1,0,1,0,0,0,20220214,20220511
19,0,0,1,0,1,0,0,20220214,20220511
20,0,0,0,0,1,0,0,20220214,20220511
21,0,1,0,0,0,0,0,20220214,20220511
22,1,0,0,1,0,0,0,20220214,20220511
23,0,0,0,0,0,0,0,20220214,20220511
24,0,0,0,0,1,1,0,20220214,20220511
25,0,0,0,0,0,0,1,20220214,20220511
26,0,0,0,0,0,1,0,20220214,20220511
27,1,0,1,0,1,0,0,20220214,20220511
28,1,1,0,1,0,0,0,20220214,20220511
29,0,0,0,0,0,0,0,20220214,20220511
30,0,0,0,0,0,0,0,20220214,20220511
31,0,0,0,0,0,0,0,20220214,20220511
32,0,0,0,0,0,0,0,20220214,20220511
33,1,1,1,1,1,0,0,20220214,20220511
34,0,0,0,0,0,0,0,20220214,20220511
35,0,0,0,0,0,1,0,20220214,20220511
36,0,0,0,0,0,0,0,20220214,20220511
37,0,0,0,0,0,0,1,20220214,20220511
38,0,0,0,0,0,0,0,20220214,20220511
39,1,1,1,1,1,0,0,20220214,20220511
40,0,0,0,0,0,0,0,20220214,20220511
41,1,0,1,1,1,0,0,20220214,20220511
42,1,1,1,1,0,0,0,20220214,20220511
43,1,0,1,1,0,0,0,20220214,20220511
44,1,1,0,0,1,0,0,20220214,20220511
45,1,0,0,0,1,0,0,20220214,20220511
46,0,1,1,1,1,0,0,20220214,20220511
47,0,0,0,0,0,0,0,20220214,20220511
48,1,0,1,0,0,0,0,20220214,20220511
49,1,1,1,1,1,0,0,20220214,20220511
50,0,0,0,1,1,0,0,20220214,20220511
51,0,0,1,1,1,0,0,20220214,20220511
52,1,1,0,1,1,0,0,20220214,20220511
53,0,1,1,0,1,0,0,20220214,20220511
54,0,1,1,1,0,0,0,20220214,20220511
55,0,1,0,1,1,0,0,20220214,20220511
56,1,0,0,1,1,0,0,20220214,20220511
57,0,1,0,0,1,0,0,20220214,20220511
58,0,1,0,1,1,0,0,20220214,20220511
59,0,1,0,0,1,0,0,20220214,20220511
60,0,0,0,1,0,0,0,20220214,20220511
61,0,0,0,0,0,0,0,20220214,20220511
62,0,0,0,0,0,0,0,20220214,20220511
63,0,0,0,0,0,0,0,20220214,20220511
64,1,1,1,1,1,0,0,20220214,20220511
65,0,0,0,0,0,0,0,20220214,20220511
66,1,0,0,1,0,0,0,20220214,20220511
67,0,0,0,1,1,0,0,20220214,20220511
68,0,0,0,0,0,0,0,20220214,20220511
69,0,0,0,0,0,0,0,20220214,20220511
70,0,0,1,1,0,0,0,20220214,20220511
71,1,1,0,0,0,0,0,20220214,20220511
72,1,1,0,0,1,0,0,20220214,20220511
73,0,0,0,0,0,0,0,20220214,20220511
74,0,0,0,0,0,1,0,20220214,20220511
75,0,0,0,0,0,0,0,20220214,20220511
76,0,0,0,0,1,0,0,20220214,20220511
77,0,0,0,0,0,0,0,20220214,20220511
78,0,0,0,0,0,0,0,20220214,20220511
79,0,0,0,0,0,0,0,20220214,20220511
80,0,0,0,0,0,0,0,20220214,20220511
81,0,0,0,0,0,0,0,20220214,20220511
82,0,0,0,0,0,0,0,20220214,20220511
83,0,0,0,0,0,0,0,20220214,20220511
84,0,0,0,0,0,1,1,20220214,20220511
85,1,1,1,1,1,0,0,20220214,20220511
86,0,0,0,0,0,0,0,20220214,20220511
87,0,0,0,0,0,0,0,20220214,20220511
88,0,0,0,0,0,0,0,20220214,20220511
89,0,0,0,0,0,0,0,20220214,20220511
90,0,0,0,0,0,0,0,20220214,20220511
91,0,0,0,0,0,0,0,20220214,20220511
92,0,0,0,0,0,0,0,20220214,20220511
93,0,0,0,0,0,0,0,20220214,20220511
94,0,0,0,0,0,0,0,20220214,20220511
95,0,0,0,0,0,0,0,20220214,20220511
96,0,0,0,0,0,0,0,20220214,20220511
97,0,0,0,0,0,0,0,20220214,20220511
98,0,0,0,0,0,0,0,20220214,20220511
99,0,0,0,0,0,0,0,20220214,20220511
100,0,0,0,0,0,0,0,20220214,20220511
101,0,0,0,0,0,0,0,20220214,20220511
102,0,0,0,0,0,0,0,20220214,20220511
103,0,0,0,0,0,0,0,20220214,20220511
104,0,0,0,0,0,0,0,20220214,20220511
105,0,0,0,0,0,0,0,20220214,20220511
106,0,0,0,0,0,0,0,20220214,20220511
107,0,0,0,0,0,0,0,20220214,20220511
108,0,0,0,0,0,0,0,20220214,20220511
109,0,0,0,0,0,0,0,20220214,20220511
110,0,0,0,0,0,0,0,20220214,20220511
111,0,0,0,0,0,0,0,20220214,20220511
112,0,0,0,0,0,0,0,20220214,20220511
113,0,0,0,0,0,0,0,20220214,20220511
114,0,0,0,0,0,0,0,20220214,20220511
115,0,0,0,0,0,0,0,20220214,20220511
116,0,0,0,0,0,0,0,20220214,20220511
117,0,0,0,0,0,0,0,20220214,20220511
118,0,0,0,0,0,0,0,20220214,20220511
119,0,0,0,0,0,0,0,20220214,20220511
120,0,0,0,0,0,0,0,20220214,20220511
121,0,0,0,0,0,0,0,20220214,20220511
122,0,0,0,0,0,0,0,20220214,20220511
123,0,0,0,0,0,0,0,20220214,20220511
124,0,0,0,0,0,0,0,20220214,20220511
125,0,0,0,0,0,0,0,20220214,20220511
126,0,0,0,0,0,0,0,20220214,20220511
127,0,0,0,0,0,0,0,20220214,20220511
128,0,0,0,0,0,0,0,20220214,20220511
129,0,0,0,0,0,0,0,20220214,20220511
130,0,0,0,0,0,0,0,20220214,20220511
131,0,0,0,0,0,0,0,20220214,20220511
132,0,0,0,0,0,0,0,20220214,20220511
133,0,0,0,0,0,0,0,20220214,20220511
134,0,0,0,0,0,0,0,20220214,20220511
135,0,0,0,0,0,0,0,20220214,20220511
136,0,0,0,0,0,0,0,20220214,20220511
137,0,0,0,0,0,0,0,20220214,20220511
138,0,0,0,0,0,0,0,20220214,20220511
139,0,0,0,0,0,0,0,20220214,20220511
140,0,0,0,0,0,0,0,20220214,20220511
141,0,0,0,0,0,0,0,20220214,20220511
142,0,0,0,0,0,0,0,20220214,20220511
143,0,0,0,0,0,0,0,20220214,20220511
144,0,0,0,0,0,0,0,20220214,20220511
145,0,0,0,0,0,0,0,20220214,20220511
146,0,0,0,0,0,0,0,20220214,20220511
147,0,0,0,0,0,0,0,20220214,20220511
148,0,0,0,0,0,0,0,20220214,20220511
149,0,0,0,0,0,0,0,20220214,20220511
150,0,0,0,0,0,0,0,20220214,20220511
151,0,0,0,0,0,0,0,20220214,20220511
152,0,0,0,0,0,0,0,20220214,20220511
153,0,0,0,0,0,0,0,20220214,20220511
154,0,0,0,0,0,0,0,20220214,20220511
155,0,0,0,0,0,0,0,20220214,20220511
156,0,0,0,0,0,0,0,20220214,20220511
157,0,0,0,0,0,0,0,20220214,20220511
158,0,0,0,0,0,0,0,20220214,20220511
159,0,0,0,0,0,0,0,20220214,20220511
160,0,0,0,0,0,0,0,20220214,20220511
161,0,0,0,0,0,0,0,20220214,20220511
162,0,0,0,0,0,0,0,20220214,20220511
163,0,0,0,0,0,0,0,20220214,20220511
164,0,0,0,0,0,0,0,20220214,20220511
165,0,0,0,0,0,0,0,20220214,20220511
166,0,0,0,0,0,0,0,20220214,20220511
167,0,0,0,0,0,0,0,20220214,20220511
168,1,1,0,0,0,0,0,20220214,20220511
169,0,0,0,0,0,0,0,20220214,20220511
170,0,0,0,0,0,0,0,20220214,20220511
171,0,0,0,0,0,0,0,20220214,20220511
172,0,0,0,0,0,0,0,20220214,20220511
173,0,0,0,0,0,0,0,20220214,20220511
174,1,1,0,0,0,0,0,20220214,20220511
175,0,0,0,0,0,0,0,20220214,20220511
176,0,0,0,0,0,0,0,20220214,20220511
177,0,0,0,0,0,0,0,20220214,20220511
178,0,0,0,0,0,0,0,20220214,20220511
179,1,1,1,1,1,0,1,20220214,20220511
180,1,1,1,1,1,0,1,20220214,20220511
181,1,1,1,1,1,1,0,20220214,20220511
182,0,0,0,0,0,0,0,20220214,20220511
183,1,1,1,1,1,0,0,20220214,20220511
184,1,1,1,1,1,0,0,20220214,20220511
185,0,0,0,0,0,0,0,20220214,20220511
186,0,0,0,0,0,1,0,20220214,20220511
187,1,1,1,1,1,0,0,20220214,20220511
188,1,1,1,1,1,0,0,20220214,20220511
189,0,0,0,0,0,0,1,20220214,20220511
190,0,0,0,0,0,1,0,20220214,20220511
191,0,0,0,0,0,1,0,20220214,20220511
192,1,1,1,1,1,0,0,20220214,20220511
193,0,0,0,0,0,0,0,20220214,20220511
194,1,1,1,1,1,0,0,20220214,20220511
195,0,0,0,0,0,0,0,20220214,20220511
196,0,0,0,0,0,0,0,20220214,20220511
197,0,0,0,0,0,0,1,20220214,20220511
198,0,0,0,0,0,0,0,20220214,20220511
199,1,1,1,1,1,0,0,20220214,20220511
200,0,0,0,0,0,0,0,20220214,20220511
201,0,0,0,0,0,0,0,20220214,20220511
202,0,0,0,0,0,1,1,20220214,20220511
203,0,0,0,0,1,0,0,20220214,20220511
204,1,1,1,1,0,0,0,20220214,20220511
205,0,0,0,0,1,0,0,20220214,20220511
206,0,0,1,1,1,0,0,20220214,20220511
207,1,1,1,1,0,0,0,20220214,20220511
208,1,1,1,1,1,0,0,20220214,20220511
209,0,0,0,0,0,1,1,20220214,20220511
210,0,0,0,0,0,1,1,20220214,20220511
211,0,0,0,0,0,1,0,20220214,20220511
212,0,0,0,0,0,0,1,20220214,20220511
213,0,0,1,1,1,0,0,20220214,20220511
214,0,0,0,0,0,0,0,20220214,20220511
215,1,1,1,1,1,1,1,20220214,20220511
216,1,1,1,1,1,0,0,20220214,20220511
217,1,1,1,1,0,1,1,20220214,20220511
218,1,1,1,1,1,1,1,20220214,20220511
219,0,0,0,0,0,0,0,20220214,20220511
220,0,0,0,0,0,0,1,20220214,20220511
221,0,0,0,0,0,1,1,20220214,20220511
222,1,1,1,1,1,0,0,20220214,20220511
223,0,0,0,0,0,0,0,20220214,20220511
224,0,0,0,0,0,1,0,20220214,20220511
225,0,0,0,0,0,1,1,20220214,20220511
226,0,0,0,0,0,1,1,20220214,20220511
227,1,1,1,1,1,0,0,20220214,20220511
228,0,0,0,0,0,0,0,20220214,20220511
229,0,0,0,0,0,1,1,20220214,20220511
230,0,0,0,0,0,0,0,20220214,20220511
231,0,0,0,0,0,0,0,20220214,20220511
232,0,0,0,0,0,1,0,20220214,20220511
233,0,0,0,0,0,0,1,20220214,20220511
234,0,0,0,0,0,1,0,20220214,20220511
235,0,0,0,0,0,1,1,20220214,20220511
236,0,0,0,0,1,1,1,20220214,20220511
237,1,1,0,0,0,1,1,20220214,20220511
238,0,0,0,0,0,0,0,20220214,20220511
239,0,0,0,0,0,0,0,20220214,20220511
240,0,0,0,0,0,0,0,20220214,20220511
241,0,0,0,0,0,0,0,20220214,20220511
242,0,0,0,0,0,0,0,20220214,20220511
243,0,0,0,0,0,0,0,20220214,20220511
244,0,0,0,0,0,0,0,20220214,20220511
245,0,0,0,0,0,0,0,20220214,20220511
246,0,0,0,0,0,0,0,20220214,20220511
247,0,0,0,0,0,0,0,20220214,20220511
248,0,0,0,0,0,0,0,20220214,20220511
249,0,0,0,0,0,0,0,20220214,20220511
250,0,0,0,0,0,0,0,20220214,20220511
251,0,0,0,0,0,0,0,20220214,20220511
252,0,0,0,0,0,0,0,20220214,20220511
253,0,0,0,0,0,0,0,20220214,20220511
254,0,0,0,0,0,0,1,20220214,20220511
255,0,0,0,0,0,0,0,20220214,20220511
256,0,0,0,0,0,0,0,20220214,20220511
257,0,0,0,0,0,0,0,20220214,20220511
258,0,0,0,0,0,0,0,20220214,20220511
259,0,0,0,0,0,0,0,20220214,20220511
260,0,0,0,0,0,0,0,20220214,20220511
261,0,0,0,0,0,0,0,20220214,20220511
262,0,0,0,0,0,0,0,20220214,20220511
263,0,0,0,0,0,0,0,20220214,20220511
264,0,0,0,0,0,0,0,20220214,20220511
265,0,0,0,0,0,0,0,20220214,20220511
266,0,0,0,0,0,0,0,20220214,20220511
267,0,0,0,0,0,0,0,20220214,20220511
268,0,0,0,0,0,0,0,20220214,20220511
269,0,0,0,0,0,0,0,20220214,20220511
270,0,0,0,0,0,0,0,20220214,20220511
271,0,0,0,0,0,0,0,20220214,20220511
272,0,0,0,0,0,0,0,20220214,20220511
273,0,0,0,0,0,1,0,20220214,20220511
274,1,1,1,1,1,0,0,20220214,20220511
275,1,1,1,1,0,0,0,20220214,20220511
276,0,0,0,0,0,0,1,20220214,20220511
277,1,0,0,1,1,1,1,20220214,20220511
278,0,0,0,0,1,0,1,20220214,20220511
279,1,0,0,1,0,1,0,20220214,20220511
280,0,0,0,0,0,0,0,20220214,20220511
281,0,0,0,0,0,0,0,20220214,20220511
282,0,0,0,0,0,0,0,20220214,20220511
283,0,0,0,0,0,0,0,20220214,20220511
284,0,0,0,0,0,0,0,20220214,20220511
285,0,0,0,0,1,1,1,20220214,20220511
286,1,1,1,1,0,0,0,20220214,20220511
287,0,0,0,0,0,0,0,20220214,20220511
288,0,1,1,1,0,0,0,20220214,20220511
289,1,0,0,0,0,0,0,20220214,20220511
290,0,0,0,0,1,0,0,20220214,20220511
291,1,1,1,1,0,0,0,20220214,20220511
292,0,0,0,0,0,1,1,20220214,20220511
293,0,0,0,1,0,1,1,20220214,20220511
294,1,1,1,1,1,1,1,20220214,20220511
295,0,0,0,0,1,0,0,20220214,20220511
296,1,1,1,1,1,1,1,20220214,20220511
297,0,0,0,0,0,1,1,20220214,20220511
298,0,0,0,0,0,1,1,20220214,20220511
299,0,0,0,1,0,0,0,20220214,20220511
300,1,1,1,1,1,1,1,20220214,20220511
301,0,0,0,0,0,0,1,20220214,20220511
302,0,0,0,0,0,0,0,20220214,20220511
303,1,1,1,1,1,1,0,20220214,20220511
304,1,1,1,1,1,1,1,20220214,20220511
305,1,1,1,1,1,1,0,20220214,20220511
306,1,1,1,1,1,1,1,20220214,20220511
307,1,1,1,1,1,1,1,20220214,20220511
308,1,1,1,1,1,1,0,20220214,20220511
309,1,1,1,1,1,1,1,20220214,20220511
310,0,0,0,0,1,0,1,20220214,20220511
311,1,1,1,1,1,0,0,20220214,20220511
312,1,1,1,1,1,1,1,20220214,20220511
313,1,1,1,1,1,1,0,20220214,20220511
314,0,0,0,0,0,0,1,20220214,20220511
315,0,0,0,0,0,0,0,20220214,20220511
316,0,0,0,0,0,1,1,20220214,20220511
317,1,1,1,1,1,1,1,20220214,20220511
318,1,1,1,1,0,0,0,20220214,20220511
319,0,0,0,0,1,0,1,20220214,20220511
320,0,0,0,0,0,0,0,20220214,20220511
321,0,0,0,0,0,0,0,20220214,20220511
322,1,1,1,1,1,0,0,20220214,20220511
323,0,0,0,0,0,0,0,20220214,20220511
324,0,0,0,0,0,0,0,20220214,20220511
325,0,0,0,0,0,0,0,20220214,20220511
326,0,0,0,0,0,0,0,20220214,20220511
327,0,0,0,0,0,0,0,20220214,20220511
328,1,1,1,1,0,0,0,20220214,20220511
329,0,0,0,0,0,0,0,20220214,20220511
330,0,0,0,0,0,0,0,20220214,20220511
331,0,0,0,0,0,0,0,20220214,20220511
332,0,0,0,0,0,0,0,20220214,20220511
333,0,0,0,0,0,0,0,20220214,20220511
334,0,0,0,0,0,0,0,20220214,20220511
335,0,0,0,0,0,0,0,20220214,20220511
336,0,0,0,0,0,0,0,20220214,20220511
337,0,0,0,0,0,0,0,20220214,20220511
338,0,0,0,0,0,0,0,20220214,20220511
339,0,0,0,0,0,0,0,20220214,20220511
340,0,0,0,0,0,0,0,20220214,20220511
341,0,0,0,0,0,0,0,20220214,20220511
342,0,0,0,0,0,0,0,20220214,20220511
343,0,0,0,0,0,0,0,20220214,20220511
344,0,0,0,0,0,0,0,20220214,20220511
345,0,0,0,0,0,0,0,20220214,20220511
346,0,0,0,0,0,0,0,20220214,20220511
347,0,0,0,0,0,0,0,20220214,20220511
348,0,0,0,0,0,0,0,20220214,20220511
349,0,0,0,0,0,0,0,20220214,20220511
350,0,0,0,0,0,0,0,20220214,20220511
351,0,0,0,0,0,0,0,20220214,20220511
352,0,0,0,0,0,0,0,20220214,20220511
353,0,0,0,0,0,0,0,20220214,20220511
354,0,0,0,0,0,0,0,20220214,20220511
355,0,0,0,0,0,0,0,20220214,20220511
356,0,0,0,0,0,0,0,20220214,20220511
357,0,0,0,0,0,0,0,20220214,20220511
358,0,0,0,0,0,0,0,20220214,20220511
359,0,0,0,0,0,0,0,20220214,20220511
360,0,0,0,0,0,0,0,20220214,20220511
361,0,0,0,0,0,0,0,20220214,20220511
362,0,0,0,0,0,0,0,20220214,20220511
363,0,0,0,0,0,0,0,20220214,20220511
364,0,0,0,0,0,0,0,20220214,20220511
365,0,0,0,0,0,0,0,20220214,20220511
366,0,0,0,0,0,0,0,20220214,20220511
367,0,0,0,0,0,0,0,20220214,20220511
368,0,0,0,0,0,0,0,20220214,20220511
369,0,0,0,0,0,0,0,20220214,20220511
370,0,0,0,0,0,0,0,20220214,20220511
371,0,0,0,0,0,0,0,20220214,20220511
372,0,0,0,0,0,0,0,20220214,20220511
373,0,0,0,0,0,0,0,20220214,20220511
374,0,0,0,0,0,0,0,20220214,20220511
375,0,0,0,0,0,0,0,20220214,20220511
376,0,0,0,0,0,0,0,20220214,20220511
377,0,0,0,0,0,0,0,20220214,20220511
378,0,0,0,0,0,0,0,20220214,20220511
379,0,0,0,0,0,0,0,20220214,20220511
380,0,0,0,0,0,0,0,20220214,20220511
381,0,0,0,0,0,0,0,20220214,20220511
382,0,0,0,0,0,0,0,20220214,20220511
383,0,0,0,0,0,0,0,20220214,20220511
384,0,0,0,0,0,0,0,20220214,20220511
385,0,0,0,0,0,0,0,20220214,20220511
386,0,0,0,0,0,0,0,20220214,20220511
387,0,0,0,0,0,0,0,20220214,20220511
388,0,0,0,0,0,0,0,20220214,20220511
389,0,0,0,0,0,0,0,20220214,20220511
390,0,0,0,0,0,0,0,20220214,20220511
391,0,0,0,0,0,0,0,20220214,20220511
392,0,0,0,0,0,0,0,20220214,20220511
393,0,0,0,0,0,0,0,20220214,20220511
394,0,0,0,0,0,0,0,20220214,20220511
395,0,0,0,0,0,0,0,20220214,20220511
396,0,0,0,0,0,0,0,20220214,20220511
397,0,0,0,0,0,0,0,20220214,20220511
398,0,0,0,0,0,0,0,20220214,20220511
399,0,0,0,0,0,0,0,20220214,20220511
400,0,0,0,0,0,0,0,20220214,20220511
401,0,0,0,0,0,0,0,20220214,20220511
402,0,0,0,0,0,0,0,20220214,20220511
403,0,0,0,0,0,0,0,20220214,20220511
404,0,0,0,0,0,0,0,20220214,20220511
405,0,0,0,0,0,0,0,20220214,20220511
406,0,0,0,0,0,0,0,20220214,20220511
407,0,0,0,0,0,0,0,20220214,20220511
408,0,0,0,0,0,0,0,20220214,20220511
409,0,0,0,0,0,0,0,20220214,20220511
410,0,0,0,0,0,0,0,20220214,20220511
411,0,0,0,0,0,0,0,20220214,20220511
412,0,0,0,0,0,0,0,20220214,20220511
413,0,0,0,0,0,0,0,20220214,20220511
414,0,0,0,0,0,0,0,20220214,20220511
415,0,0,0,0,0,0,0,20220214,20220511
416,0,0,0,0,0,0,0,20220214,20220511
417,0,0,0,0,0,0,0,20220214,20220511
418,0,0,0,0,0,0,0,20220214,20220511
419,0,0,0,0,0,0,0,20220214,20220511
420,0,0,0,0,0,0,0,20220214,20220511
421,0,0,0,0,0,0,0,20220214,20220511
422,0,0,0,0,0,0,0,20220214,20220511
423,0,0,0,0,0,0,0,20220214,20220511
424,0,0,0,0,0,0,0,20220214,20220511
425,0,0,0,0,0,0,0,20220214,20220511
426,0,0,0,0,0,0,0,20220214,20220511
427,0,0,0,0,0,0,0,20220214,20220511
428,0,0,0,0,0,0,0,20220214,20220511
429,0,0,0,0,0,0,0,20220214,20220511
430,0,0,0,0,0,0,0,20220214,20220511
431,0,0,0,0,0,0,0,20220214,20220511
432,0,0,0,0,0,0,0,20220214,20220511
433,0,0,0,0,0,0,0,20220214,20220511
434,0,0,0,0,0,0,0,20220214,20220511
435,0,0,0,0,0,0,0,20220214,20220511
436,0,0,0,0,0,0,0,20220214,20220511
437,0,0,0,0,0,0,0,20220214,20220511
438,0,0,0,0,0,0,0,20220214,20220511
439,0,0,0,0,0,0,0,20220214,20220511
440,0,0,0,0,0,0,0,20220214,20220511
441,0,0,0,0,0,0,0,20220214,20220511
442,0,0,0,0,0,0,0,20220214,20220511
443,0,0,0,0,0,0,0,20220214,20220511
444,0,0,0,0,0,0,0,20220214,20220511
445,0,0,0,0,0,0,0,20220214,20220511
446,0,0,0,0,0,0,0,20220214,20220511
447,0,0,0,0,0,0,0,20220214,20220511
448,0,0,0,0,0,0,0,20220214,20220511
449,0,0,0,0,0,0,0,20220214,20220511
450,0,0,0,0,0,0,0,20220214,20220511
451,0,0,0,0,0,0,0,20220214,20220511
452,0,0,0,0,0,0,0,20220214,20220511
453,0,0,0,0,0,0,0,20220214,20220511
454,0,0,0,0,0,0,0,20220214,20220511
455,1,1,1,1,1,0,0,20220214,20220511
456,1,1,1,1,1,0,0,20220214,20220511
457,0,0,0,0,0,0,0,20220214,20220511
458,0,0,0,0,0,0,0,20220214,20220511
459,0,0,0,0,0,0,0,20220214,20220511
460,0,0,0,0,0,0,0,20220214,20220511
461,0,0,0,0,0,0,0,20220214,20220511
462,0,0,0,0,0,0,0,20220214,20220511
463,0,0,0,0,0,0,0,20220214,20220511
464,0,0,0,0,0,0,0,20220214,20220511
465,0,0,0,0,0,0,0,20220214,20220511
466,0,0,0,0,0,0,0,20220214,20220511
467,0,0,0,0,0,0,0,20220214,20220511
468,1,1,1,1,1,1,1,20220214,20220511
469,0,0,0,0,0,0,0,20220214,20220511
470,0,0,0,0,0,0,0,20220214,20220511
471,0,0,0,0,0,1,0,20220214,20220511
472,0,0,0,0,0,0,0,20220214,20220511
473,1,1,1,1,1,0,0,20220214,20220511
474,0,0,0,0,0,0,0,20220214,20220511
475,0,0,0,0,0,0,0,20220214,20220511
476,0,0,0,0,0,0,0,20220214,20220511
477,0,0,0,0,0,0,0,20220214,20220511
478,0,0,0,0,0,0,0,20220214,20220511
479,0,0,0,0,0,0,0,20220214,20220511
480,0,0,0,0,0,0,0,20220214,20220511
481,0,0,0,0,0,0,0,20220214,20220511
482,0,0,0,0,0,0,0,20220214,20220511
483,0,0,0,0,0,0,0,20220214,20220511
484,0,0,0,0,0,0,0,20220214,20220511
485,0,0,0,0,0,0,0,20220214,20220511
486,0,0,0,0,0,0,0,20220214,20220511
487,1,1,1,1,1,0,0,20220214,20220511
488,0,0,0,0,0,1,1,20220214,20220511
489,0,0,0,0,0,0,1,20220214,20220511
490,1,1,1,1,1,0,0,20220214,20220511
491,0,0,0,0,0,0,0,20220214,20220511
492,1,1,1,1,1,1,1,20220214,20220511
493,0,0,0,0,1,1,1,20220214,20220511
494,0,0,0,0,0,0,0,20220214,20220511
495,0,0,0,0,0,0,0,20220214,20220511
496,0,0,0,0,0,0,0,20220214,20220511
497,0,0,0,0,0,0,0,20220214,20220511
498,0,0,0,0,0,0,0,20220214,20220511
499,0,0,0,0,0,0,0,20220214,20220511
500,0,0,0,0,0,0,0,20220214,20220511
501,0,0,0,0,0,0,0,20220214,20220511
502,0,0,0,0,0,0,0,20220214,20220511
503,0,0,0,0,0,0,0,20220214,20220511
504,1,1,1,1,0,0,0,20220214,20220511
505,0,0,0,0,1,0,0,20220214,20220511
506,0,0,0,0,0,0,0,20220214,20220511
507,1,1,1,1,1,0,0,20220214,20220511
508,0,0,0,0,0,1,1,20220214,20220511
509,0,0,0,0,0,0,0,20220214,20220511
510,0,0,0,0,0,0,0,20220214,20220511
511,0,0,0,0,0,0,1,20220214,20220511
512,0,0,0,0,0,1,0,20220214,20220511
513,0,0,0,0,0,0,1,20220214,20220511
514,0,0,0,0,0,1,0,20220214,20220511
515,0,0,0,0,0,1,1,20220214,20220511
516,0,0,0,0,0,1,1,20220214,20220511
517,0,0,0,0,0,1,1,20220214,20220511
518,0,0,0,0,0,1,1,20220214,20220511
519,1,1,1,1,0,0,0,20220214,20220511
520,0,0,0,0,1,0,0,20220214,20220511
521,1,1,1,1,0,0,0,20220214,20220511
522,0,0,0,0,1,0,0,20220214,20220511
523,1,1,1,1,1,0,0,20220214,20220511
524,1,1,1,1,1,0,0,20220214,20220511
525,1,1,1,1,0,0,0,20220214,20220511
526,0,0,0,0,1,0,0,20220214,20220511
527,1,1,1,1,1,1,1,20220214,20220511
528,0,0,0,0,1,1,0,20220214,20220511
529,1,1,1,1,0,0,1,20220214,20220511
530,0,0,0,0,0,0,0,20220214,20220511
531,1,1,1,1,0,0,1,20220214,20220511
532,0,0,0,0,1,1,0,20220214,20220511
533,1,1,1,1,0,1,1,20220214,20220511
534,0,0,0,0,1,0,0,20220214,20220511
535,1,1,1,1,1,1,1,20220214,20220511
536,1,1,1,1,0,1,1,20220214,20220511
537,0,0,0,0,1,0,0,20220214,20220511
538,0,0,0,0,0,1,0,20220214,20220511
539,1,1,1,1,1,0,1,20220214,20220511
540,1,1,1,1,1,1,1,20220214,20220511
541,1,1,1,1,1,1,1,20220214,20220511
542,1,1,1,1,1,1,0,20220214,20220511
543,0,0,0,0,0,1,0,20220214,20220511
544,0,0,0,0,0,0,0,20220214,20220511
545,0,0,0,0,0,1,0,20220214,20220511
546,0,0,0,0,0,1,0,20220214,20220511
547,0,0,0,0,0,1,1,20220214,20220511
548,0,0,0,0,0,1,1,20220214,20220511
549,0,0,0,0,0,0,1,20220214,20220511
550,0,0,0,0,0,0,1,20220214,20220511
551,0,0,0,0,0,1,1,20220214,20220511
552,0,0,0,0,0,1,0,20220214,20220511
553,1,1,1,1,0,0,0,20220214,20220511
554,0,0,0,0,1,0,0,20220214,20220511
555,0,0,0,0,0,0,1,20220214,20220511
556,0,0,0,0,0,1,1,20220214,20220511
557,0,0,0,0,0,0,0,20220214,20220511
558,0,0,0,0,0,0,0,20220214,20220511
559,0,0,0,0,0,0,0,20220214,20220511
560,0,0,0,0,0,0,1,20220214,20220511
561,0,0,0,0,0,1,1,20220214,20220511
562,0,0,0,0,0,1,1,20220214,20220511
563,1,1,1,1,1,1,1,20220214,20220511
564,1,1,1,1,1,1,1,20220214,20220511
565,0,0,0,0,0,1,1,20220214,20220511
566,1,1,1,1,1,1,1,20220214,20220511
567,0,0,0,0,0,1,1,20220214,20220511
568,1,1,1,1,1,0,0,20220214,20220511
569,1,1,1,1,1,1,1,20220214,20220511
570,0,0,0,0,0,0,0,20220214,20220511
571,0,0,0,0,0,0,0,20220214,20220511
572,0,0,0,0,0,0,0,20220214,20220511
573,0,0,0,0,0,0,0,20220214,20220511
574,0,0,0,1,1,0,0,20220214,20220511
575,0,0,0,0,0,0,0,20220214,20220511
576,1,1,1,1,1,0,0,20220214,20220511
577,0,0,0,0,0,0,0,20220214,20220511
578,0,0,0,0,0,0,0,20220214,20220511
579,0,0,0,0,0,0,0,20220214,20220511
580,0,0,0,0,0,0,0,20220214,20220511
581,0,0,0,0,0,0,0,20220214,20220511
582,0,0,0,0,0,0,0,20220214,20220511
583,0,0,0,0,0,0,0,20220214,20220511
584,0,0,0,0,0,0,0,20220214,20220511
585,0,0,0,0,0,0,0,20220214,20220511
586,0,0,0,0,0,1,0,20220214,20220511
587,1,1,1,1,1,0,0,20220214,20220511
588,0,0,0,0,0,0,0,20220214,20220511
589,0,0,0,0,0,0,0,20220214,20220511
590,0,0,0,0,0,0,0,20220214,20220511
591,0,0,0,0,0,0,0,20220214,20220511
592,0,0,0,0,0,1,1,20220214,20220511
593,0,0,0,0,0,1,0,20220214,20220511
594,0,0,0,0,0,0,0,20220214,20220511
595,0,0,0,0,0,0,1,20220214,20220511
596,0,0,0,0,0,1,0,20220214,20220511
597,1,1,1,1,1,0,0,20220214,20220511
598,0,0,0,0,0,1,0,20220214,20220511
599,0,0,0,0,0,0,1,20220214,20220511
600,0,0,0,0,0,1,1,20220214,20220511
601,0,0,0,0,0,0,0,20220214,20220511
602,0,0,0,0,0,1,1,20220214,20220511
603,0,0,0,0,0,0,1,20220214,20220511
604,1,1,1,1,1,1,0,20220214,20220511
605,0,0,0,0,0,1,1,20220214,20220511
606,1,1,1,1,1,0,0,20220214,20220511
607,1,1,1,1,0,0,1,20220214,20220511
608,0,0,0,0,1,1,0,20220214,20220511
609,1,1,1,1,0,0,0,20220214,20220511
610,0,0,0,0,0,1,1,20220214,20220511
611,0,0,0,0,1,0,0,20220214,20220511
612,1,1,1,1,1,0,1,20220214,20220511
613,1,1,1,1,1,1,1,20220214,20220511
614,1,1,1,1,1,1,1,20220214,20220511
615,1,1,1,1,1,1,1,20220214,20220511
616,1,1,1,1,1,1,1,20220214,20220511
617,0,0,0,0,0,1,1,20220214,20220511
618,1,1,1,1,1,0,0,20220214,20220511
619,0,0,0,0,0,1,0,20220214,20220511
620,0,0,0,0,0,0,0,20220214,20220511
621,0,0,0,0,0,1,0,20220214,20220511
622,0,0,0,0,0,1,0,20220214,20220511
623,0,0,0,0,0,0,1,20220214,20220511
624,0,0,0,0,0,1,0,20220214,20220511
625,0,0,0,0,0,0,0,20220214,20220511
626,0,0,0,0,0,0,0,20220214,20220511
627,1,1,1,1,1,0,0,20220214,20220511
628,1,1,1,1,1,1,1,20220214,20220511
629,1,1,1,1,1,0,0,20220214,20220511
630,0,0,0,0,0,1,1,20220214,20220511
631,0,0,0,0,0,0,0,20220214,20220511
632,0,0,0,0,0,0,0,20220214,20220511
633,1,1,1,1,0,0,1,20220214,20220511
634,1,1,1,1,1,0,0,20220214,20220511
635,0,0,0,0,1,0,0,20220214,20220511
636,0,0,0,0,0,0,0,20220214,20220511
637,0,0,0,0,0,1,0,20220214,20220511
638,1,1,1,1,1,0,1,20220214,20220511
639,1,1,1,1,1,0,1,20220214,20220511
640,1,1,1,1,1,1,1,20220214,20220511
641,1,1,1,1,1,1,1,20220214,20220511
642,1,1,1,1,1,0,1,20220214,20220511
643,1,1,1,1,1,0,1,20220214,20220511
644,0,0,0,0,0,0,0,20220214,20220511
645,0,0,0,0,0,0,1,20220214,20220511
646,0,0,0,0,0,0,1,20220214,20220511
647,1,1,1,1,1,1,0,20220214,20220511
648,1,1,1,1,1,0,1,20220214,20220511
649,0,0,0,0,0,1,0,20220214,20220511
650,0,0,0,0,0,1,1,20220214,20220511
651,0,0,0,0,0,0,1,20220214,20220511
652,0,0,0,0,0,1,0,20220214,20220511
653,1,1,1,1,0,1,0,20220214,20220511
654,0,0,0,0,1,0,1,20220214,20220511
655,1,1,1,1,1,1,1,20220214,20220511
656,0,0,0,0,0,1,1,20220214,20220511
657,0,0,0,0,0,1,0,20220214,20220511
658,1,1,1,1,1,1,0,20220214,20220511
659,1,1,1,1,1,0,0,20220214,20220511
660,0,0,0,0,0,1,1,20220214,20220511
661,1,1,1,1,1,1,1,20220214,20220511
662,0,0,0,0,0,0,0,20220214,20220511
663,0,0,0,0,0,0,0,20220214,20220511
664,0,0,0,0,0,0,0,20220214,20220511
665,0,0,0,0,0,0,0,20220214,20220511
666,0,0,0,0,0,0,0,20220214,20220511
667,0,0,0,0,0,0,0,20220214,20220511
668,0,0,0,0,0,0,0,20220214,20220511
669,1,1,1,1,1,1,1,20220214,20220511
670,0,0,0,0,0,0,0,20220214,20220511
671,1,1,1,1,1,1,1,20220214,20220511
672,0,0,0,0,0,0,0,20220214,20220511
673,0,0,0,0,0,0,0,20220214,20220511
674,1,1,1,1,1,1,0,20220214,20220511
675,1,1,1,1,1,1,1,20220214,20220511
676,0,0,0,0,0,0,0,20220214,20220511
677,0,0,0,0,0,0,0,20220214,20220511
678,1,1,1,1,1,0,1,20220214,20220511
679,1,1,1,1,1,0,0,20220214,20220511
680,1,1,1,1,1,0,0,20220214,20220511
681,0,0,0,0,0,1,0,20220214,20220511
682,0,0,0,0,0,1,0,20220214,20220511
683,1,1,1,1,1,0,0,20220214,20220511
684,1,1,1,1,1,0,1,20220214,20220511
685,1,1,1,1,0,1,0,20220214,20220511
686,1,1,1,1,0,1,0,20220214,20220511
687,0,0,0,0,1,0,1,20220214,20220511
688,0,0,0,0,1,0,1,20220214,20220511
689,0,0,0,0,0,1,0,20220214,20220511
690,0,0,0,0,0,0,1,20220214,20220511
691,0,0,0,0,0,0,1,20220214,20220511
692,0,0,0,0,0,0,1,20220214,20220511
693,1,1,1,1,1,1,1,20220214,20220511
694,0,0,0,0,0,1,1,20220214,20220511
695,0,0,0,0,0,0,0,20220214,20220511
696,0,0,0,0,0,0,0,20220214,20220511
697,0,0,0,0,0,0,0,20220214,20220511
698,0,0,0,0,0,0,0,20220214,20220511
699,0,0,0,0,0,0,0,20220214,20220511
700,0,0,0,0,0,0,0,20220214,20220511
701,1,1,1,1,1,1,1,20220214,20220511
702,1,1,1,1,1,1,1,20220214,20220511
703,1,1,1,1,1,1,1,20220214,20220511
704,0,0,0,0,0,1,0,20220214,20220511
705,0,0,0,0,0,1,0,20220214,20220511
706,1,1,1,1,1,0,1,20220214,20220511
707,1,1,1,1,1,0,1,20220214,20220511
708,0,0,0,0,0,0,1,20220214,20220511
709,0,0,0,0,0,0,1,20220214,20220511
710,1,1,1,1,1,1,0,20220214,20220511
711,1,0,0,0,0,0,0,20220214,20220511
712,0,1,1,1,1,0,0,20220214,20220511
713,0,0,0,0,0,0,0,20220214,20220511
714,0,0,0,0,0,0,0,20220214,20220511
715,1,1,1,1,1,0,0,20220214,20220511
716,1,1,1,1,1,0,0,20220214,20220511
717,0,0,0,0,0,0,0,20220214,20220511
718,0,0,0,0,0,0,1,20220214,20220511
719,0,0,0,0,0,0,0,20220214,20220511
720,0,0,0,0,0,0,0,20220214,20220511
721,0,0,0,0,0,0,0,20220214,20220511
722,0,0,0,0,0,0,0,20220214,20220511
723,0,0,0,0,0,0,0,20220214,20220511
724,0,0,0,0,0,0,0,20220214,20220511
725,0,0,0,0,0,0,0,20220214,20220511
726,0,0,0,0,0,0,0,20220214,20220511
727,0,0,0,0,0,0,0,20220214,20220511
728,0,0,0,0,0,0,0,20220214,20220511
729,0,0,0,0,0,0,0,20220214,20220511
730,0,0,0,0,0,0,0,20220214,20220511
731,0,0,0,0,0,0,0,20220214,20220511
732,0,0,0,0,0,0,0,20220214,20220511
733,0,0,0,0,0,0,0,20220214,20220511
734,0,0,0,0,0,0,0,20220214,20220511
735,0,0,0,0,0,0,0,20220214,20220511
736,0,0,0,0,0,0,0,20220214,20220511
737,0,0,0,0,0,0,0,20220214,20220511
738,1,1,1,1,1,1,1,20220214,20220511
739,0,0,0,0,0,1,1,20220214,20220511
740,1,1,1,1,1,0,0,20220214,20220511
741,0,0,0,0,0,0,0,20220214,20220511
742,1,1,1,1,1,0,0,20220214,20220511
743,0,0,0,0,0,1,1,20220214,20220511
744,0,0,0,0,0,0,0,20220214,20220511
745,1,1,1,1,1,1,1,20220214,20220511
746,1,1,1,1,1,1,1,20220214,20220511
747,1,1,1,1,1,0,0,20220214,20220511
748,1,1,1,1,1,1,1,20220214,20220511
749,1,1,1,1,1,1,1,20220214,20220511
750,1,1,1,1,1,0,0,20220214,20220511
751,0,0,0,0,0,1,1,20220214,20220511
752,0,0,0,0,0,0,0,20220214,20220511
753,1,1,1,1,1,0,0,20220214,20220511
754,0,0,0,0,0,0,0,20220214,20220511
755,0,0,0,0,0,1,1,20220214,20220511
756,1,1,1,1,1,0,1,20220214,20220511
757,1,1,1,1,1,0,0,20220214,20220511
758,1,1,1,1,1,0,1,20220214,20220511
759,1,1,1,1,1,0,1,20220214,20220511
760,0,0,0,0,1,1,0,20220214,20220511
761,0,0,0,0,1,0,0,20220214,20220511
762,0,0,0,0,1,1,0,20220214,20220511
763,1,1,1,1,1,1,1,20220214,20220511
764,0,0,0,0,1,0,0,20220214,20220511
765,0,0,0,0,1,0,0,20220214,20220511
766,0,0,0,0,0,1,1,20220214,20220511
767,0,0,0,0,0,1,1,20220214,20220511
768,0,0,0,0,0,1,1,20220214,20220511
769,0,0,0,0,0,1,1,20220214,20220511
770,0,0,0,0,0,1,1,20220214,20220511
771,0,0,0,0,0,1,1,20220214,20220511
772,0,0,0,0,0,0,0,20220214,20220511
773,0,0,0,0,0,0,0,20220214,20220511
774,1,1,1,1,1,0,0,20220214,20220511
775,1,1,1,1,1,1,1,20220214,20220511
776,1,1,1,1,1,0,1,20220214,20220511
777,1,1,1,1,1,1,1,20220214,20220511
778,1,1,1,1,0,1,1,20220214,20220511
779,0,0,0,0,1,1,1,20220214,20220511
780,1,1,1,1,1,1,1,20220214,20220511
781,0,0,0,0,1,1,1,20220214,20220511
782,1,1,1,1,0,1,1,20220214,20220511
783,1,1,1,1,0,0,1,20220214,20220511
784,0,0,0,0,1,1,0,20220214,20220511
785,1,1,1,1,1,1,1,20220214,20220511
786,1,1,1,1,1,1,1,20220214,20220511
787,1,1,1,1,0,0,1,20220214,20220511
788,0,0,0,0,0,0,0,20220214,20220511
789,0,0,0,0,0,0,0,20220214,20220511
790,0,0,0,1,0,0,0,20220214,20220511
791,0,0,0,0,1,0,0,20220214,20220511
792,0,0,0,0,0,0,0,20220214,20220511
793,1,1,1,1,1,1,0,20220214,20220511
794,0,0,0,0,0,0,0,20220214,20220511
795,0,0,0,0,0,0,0,20220214,20220511
796,1,1,1,1,0,1,1,20220214,20220511
797,0,0,0,0,0,0,0,20220214,20220511
798,0,0,0,0,1,1,0,20220214,20220511
799,0,0,0,0,0,0,0,20220214,20220511
800,0,0,0,0,0,0,0,20220214,20220511
801,1,1,1,1,1,0,0,20220214,20220511
802,1,1,1,1,1,1,1,20220214,20220511
803,1,1,1,1,1,0,1,20220214,20220511
804,0,0,0,0,1,1,1,20220214,20220511
805,1,1,1,1,1,1,1,20220214,20220511
806,0,0,0,0,0,0,0,20220214,20220511
807,1,1,1,1,1,1,1,20220214,20220511
808,0,0,0,0,0,1,1,20220214,20220511
809,1,1,1,1,0,0,0,20220214,20220511
810,0,0,0,0,1,1,1,20220214,20220511
811,1,1,1,1,0,1,1,20220214,20220511
812,0,0,0,0,1,0,0,20220214,20220511
813,0,0,0,0,0,0,0,20220214,20220511
814,0,0,0,0,0,0,0,20220214,20220511
815,0,0,0,0,0,0,0,20220214,20220511
816,1,1,1,1,1,1,1,20220214,20220511
817,0,0,0,0,0,0,1,20220214,20220511
818,0,0,0,0,0,1,0,20220214,20220511
819,1,1,1,1,1,0,0,20220214,20220511
820,0,0,0,0,0,0,1,20220214,20220511
821,1,1,1,1,1,0,0,20220214,20220511
822,0,0,0,0,0,0,0,20220214,20220511
823,1,0,0,0,0,0,0,20220214,20220511
824,0,1,1,1,1,0,0,20220214,20220511
825,1,1,1,1,1,0,1,20220214,20220511
826,0,0,0,0,0,0,0,20220214,20220511
827,0,0,0,0,0,0,0,20220214,20220511
828,1,1,1,1,1,1,1,20220214,20220511
829,0,0,0,0,0,0,0,20220214,20220511
830,0,0,0,0,0,0,0,20220214,20220511
831,0,0,0,0,0,0,0,20220214,20220511
832,0,0,0,0,0,0,0,20220214,20220511
833,0,0,0,0,0,0,0,20220214,20220511
834,1,1,1,1,1,1,1,20220214,20220511
835,1,1,1,1,1,0,1,20220214,20220511
836,0,0,0,0,0,0,0,20220214,20220511
837,0,0,0,0,0,0,0,20220214,20220511
838,0,0,0,0,0,0,1,20220214,20220511
839,1,1,1,1,1,0,0,20220214,20220511
840,0,0,0,0,1,0,0,20220214,20220511
841,1,1,1,1,0,0,0,20220214,20220511
842,1,1,1,1,1,0,0,20220214,20220511
843,1,1,1,1,1,1,1,20220214,20220511
844,1,1,1,1,1,1,1,20220214,20220511
845,0,0,0,0,0,1,1,20220214,20220511
846,0,0,0,0,0,1,1,20220214,20220511
847,0,0,0,0,0,0,0,20220214,20220511
848,1,1,1,1,1,1,1,20220214,20220511
849,0,0,0,0,0,0,0,20220214,20220511
850,1,0,0,1,0,0,1,20220214,20220511
851,0,1,1,1,1,1,0,20220214,20220511
852,0,0,0,0,1,1,0,20220214,20220511
853,1,1,1,1,0,0,1,20220214,20220511
854,0,0,0,0,0,0,0,20220214,20220511
855,1,1,1,1,1,1,1,20220214,20220511
856,0,0,0,0,0,0,0,20220214,20220511
857,1,1,1,1,1,1,1,20220214,20220511
858,0,0,0,0,0,0,0,20220214,20220511
859,1,1,1,1,1,1,1,20220214,20220511
860,0,0,0,0,0,0,0,20220214,20220511
861,0,0,0,1,1,1,0,20220214,20220511
862,0,0,0,0,0,0,0,20220214,20220511
863,0,0,0,0,0,0,0,20220214,20220511
864,0,0,0,0,0,0,0,20220214,20220511
865,1,1,1,1,1,1,1,20220214,20220511
866,0,0,0,0,0,0,0,20220214,20220511
867,1,1,1,1,1,1,1,20220214,20220511
868,0,0,0,0,0,0,0,20220214,20220511
869,0,0,0,0,1,1,0,20220214,20220511
870,0,0,0,0,0,1,1,20220214,20220511
871,1,1,1,1,1,0,0,20220214,20220511
872,0,0,0,0,0,0,0,20220214,20220511
873,1,1,1,1,1,0,0,20220214,20220511
874,0,0,0,0,0,0,0,20220214,20220511
875,1,1,1,1,0,0,0,20220214,20220511
876,0,0,0,0,1,0,0,20220214,20220511
877,0,0,0,0,0,0,0,20220214,20220511
878,0,0,0,0,0,0,0,20220214,20220511
879,0,0,0,0,0,0,0,20220214,20220511
880,0,0,0,0,0,0,0,20220214,20220511
881,1,1,1,1,1,0,0,20220214,20220511
882,1,1,1,1,1,0,0,20220214,20220511
883,1,1,1,1,1,0,0,20220214,20220511
884,0,0,0,0,0,0,0,20220214,20220511
885,0,0,0,0,0,0,0,20220214,20220511
886,0,0,0,0,0,0,0,20220214,20220511
887,1,1,1,1,1,0,0,20220214,20220511
888,0,0,0,0,0,0,0,20220214,20220511
889,1,1,1,1,1,1,1,20220214,20220511
890,0,0,0,0,1,1,0,20220214,20220511
891,0,0,0,0,0,1,1,20220214,20220511
892,0,0,0,0,0,1,1,20220214,20220511
893,1,1,1,1,1,0,0,20220214,20220511
894,0,0,0,0,1,1,0,20220214,20220511
895,0,0,0,0,0,0,0,20220214,20220511
896,1,1,1,1,1,0,0,20220214,20220511
897,1,1,1,1,1,1,1,20220214,20220511
898,0,0,0,0,1,1,0,20220214,20220511
899,0,0,0,0,0,0,0,20220214,20220511
900,1,1,1,1,0,0,0,20220214,20220511
901,1,1,1,1,0,0,0,20220214,20220511
902,0,0,0,0,1,0,0,20220214,20220511
903,1,1,1,1,0,0,0,20220214,20220511
904,1,1,1,1,0,0,0,20220214,20220511
905,1,1,1,1,1,1,1,20220214,20220511
906,0,0,0,0,1,1,0,20220214,20220511
907,0,0,0,0,0,1,1,20220214,20220511
908,1,1,1,1,1,1,1,20220214,20220511
909,1,1,1,1,1,1,1,20220214,20220511
910,1,1,1,1,1,1,1,20220214,20220511
911,1,1,1,1,1,1,1,20220214,20220511
912,1,1,1,1,0,0,1,20220214,20220511
913,0,0,0,0,0,0,0,20220214,20220511
914,0,0,0,0,0,0,0,20220214,20220511
915,0,0,0,0,0,0,0,20220214,20220511
916,0,0,0,0,0,0,0,20220214,20220511
917,0,0,0,0,0,1,0,20220214,20220511
918,0,0,0,0,0,0,1,20220214,20220511
919,0,0,0,0,0,0,0,20220214,20220511
920,0,0,0,0,0,0,0,20220214,20220511
921,0,0,0,0,0,0,0,20220214,20220511
922,1,1,1,1,1,1,1,20220214,20220511
923,0,0,0,0,1,1,0,20220214,20220511
924,1,1,1,1,1,1,1,20220214,20220511
925,1,1,1,1,1,1,1,20220214,20220511
926,1,1,1,1,0,0,1,20220214,20220511
927,1,1,1,1,0,0,1,20220214,20220511
928,0,0,0,0,0,0,0,20220214,20220511
929,0,0,0,0,0,1,1,20220214,20220511
930,0,0,0,0,0,0,1,20220214,20220511
931,0,0,0,0,0,0,0,20220214,20220511
932,1,1,1,1,1,1,1,20220214,20220511
933,1,1,1,1,1,1,1,20220214,20220511
934,0,0,0,0,1,1,0,20220214,20220511
935,0,0,0,0,1,1,0,20220214,20220511
936,0,0,0,0,1,1,0,20220214,20220511
937,1,1,1,1,1,1,1,20220214,20220511
938,1,1,1,1,1,1,1,20220214,20220511
939,1,1,1,1,0,0,1,20220214,20220511
940,1,1,1,1,1,1,1,20220214,20220511
941,1,1,1,1,1,1,0,20220214,20220511
942,0,0,0,0,1,0,0,20220214,20220511
943,0,0,0,0,0,0,0,20220214,20220511
944,0,0,0,0,0,0,1,20220214,20220511
945,0,0,0,0,0,0,0,20220214,20220511
946,0,0,0,0,0,1,0,20220214,20220511
947,0,0,0,0,0,0,0,20220214,20220511
948,1,1,1,1,1,1,1,20220214,20220511
949,1,1,1,1,1,1,1,20220214,20220511
950,1,1,1,1,1,1,1,20220214,20220511
951,1,1,1,1,0,0,1,20220214,20220511
952,1,1,1,1,1,1,1,20220214,20220511
953,0,0,0,0,0,0,0,20220214,20220511
954,1,1,1,1,1,1,0,20220214,20220511
955,0,0,0,0,1,1,0,20220214,20220511
956,1,1,1,1,1,1,1,20220214,20220511
957,0,0,0,0,1,1,0,20220214,20220511
958,0,0,0,0,1,1,0,20220214,20220511
959,0,0,0,0,1,1,0,20220214,20220511
960,0,0,0,0,1,1,0,20220214,20220511
961,0,0,0,0,1,1,0,20220214,20220511
962,0,0,0,0,0,1,1,20220214,20220511
963,0,0,0,0,0,1,1,20220214,20220511
964,0,0,0,0,0,1,1,20220214,20220511
965,1,1,1,1,1,1,1,20220214,20220511
966,1,1,1,1,1,1,1,20220214,20220511
967,1,1,1,1,1,1,1,20220214,20220511
968,1,1,1,1,1,1,1,20220214,20220511
969,1,1,1,1,0,0,1,20220214,20220511
970,1,1,1,1,0,0,1,20220214,20220511
971,0,0,0,0,0,0,0,20220214,20220511
972,0,0,0,0,0,0,0,20220214,20220511
973,0,0,0,0,0,0,0,20220214,20220511
974,0,0,0,0,0,0,0,20220214,20220511
975,0,0,0,0,1,0,0,20220214,20220511
976,0,0,0,0,1,0,0,20220214,20220511
977,0,0,0,0,0,0,0,20220214,20220511
978,0,0,0,0,0,0,0,20220214,20220511
979,0,0,0,0,0,1,0,20220214,20220511
980,0,0,0,0,1,0,0,20220214,20220511
981,0,0,0,0,0,0,0,20220214,20220511
982,0,0,0,0,0,0,0,20220214,20220511
983,1,1,1,1,1,1,1,20220214,20220511
984,0,0,0,0,1,1,0,20220214,20220511
985,0,0,0,0,1,1,0,20220214,20220511
986,0,0,0,0,1,1,0,20220214,20220511
987,0,0,0,0,1,1,0,20220214,20220511
988,0,0,0,0,0,1,1,20220214,20220511
989,0,0,0,0,0,1,1,20220214,20220511
990,0,0,0,0,0,1,1,20220214,20220511
991,0,0,0,0,1,1,1,20220214,20220511
992,1,1,1,1,1,1,1,20220214,20220511
993,1,1,1,1,1,1,1,20220214,20220511
994,1,1,1,1,1,1,1,20220214,20220511
995,1,1,1,1,0,0,1,20220214,20220511
996,1,1,1,1,0,0,0,20220214,20220511
997,0,0,0,0,1,1,0,20220214,20220511
998,0,0,0,0,0,1,1,20220214,20220511
999,0,0,0,0,0,1,0,20220214,20220511
1000,0,0,0,0,1,1,0,20220214,20220511
1001,0,0,0,0,1,0,0,20220214,20220511
1002,0,0,0,0,0,1,0,20220214,20220511
1003,0,0,0,0,0,0,0,20220214,20220511
1004,0,0,0,0,0,0,0,20220214,20220511
1005,1,1,1,1,1,1,1,20220214,20220511
1006,1,1,1,1,1,0,0,20220214,20220511
1007,0,0,0,0,0,0,0,20220214,20220511
1008,0,0,0,0,0,0,1,20220214,20220511
1009,1,1,1,1,1,1,0,20220214,20220511
1010,1,1,1,1,0,1,1,20220214,20220511
1011,0,0,0,0,0,0,0,20220214,20220511
1012,0,0,0,0,0,0,0,20220214,20220511
1013,0,0,0,0,0,0,0,20220214,20220511
1014,0,0,0,0,0,0,0,20220214,20220511
1015,0,0,0,0,0,0,0,20220214,20220511
1016,0,0,0,0,0,0,0,20220214,20220511
1017,1,1,1,1,1,0,0,20220214,20220511
1018,1,1,0,1,0,0,0,20220214,20220511
1019,0,0,0,0,0,0,0,20220214,20220511
1020,0,0,0,0,0,0,0,20220214,20220511
1021,0,0,0,0,0,0,0,20220214,20220511
1022,1,1,1,1,0,0,1,20220214,20220511
1023,0,0,0,0,0,0,0,20220214,20220511
1024,0,0,0,0,0,0,0,20220214,20220511
1025,0,0,0,0,0,0,0,20220214,20220511
1026,0,0,0,0,0,0,0,20220214,20220511
1027,0,0,0,0,0,0,0,20220214,20220511
1028,0,0,0,0,0,0,0,20220214,20220511
1029,1,1,1,1,0,0,0,20220214,20220511
1030,0,0,0,0,0,0,0,20220214,20220511
1031,0,0,0,0,0,0,0,20220214,20220511
1032,0,0,0,0,0,0,0,20220214,20220511
1033,0,0,0,0,0,1,1,20220214,20220511
1034,0,0,0,0,0,0,0,20220214,20220511
1035,1,1,1,1,0,1,1,20220214,20220511
1036,0,0,0,0,0,0,0,20220214,20220511
1037,0,0,0,0,0,0,0,20220214,20220511
1038,0,0,0,0,0,1,1,20220214,20220511
1039,0,0,0,0,0,1,1,20220214,20220511
1040,1,1,1,1,1,0,0,20220214,20220511
1041,0,0,0,0,0,0,0,20220214,20220511
1042,1,1,1,1,1,0,0,20220214,20220511
1043,0,0,0,0,0,1,0,20220214,20220511
1044,0,0,0,0,0,0,0,20220214,20220511
1045,1,1,1,1,1,0,0,20220214,20220511
1046,1,1,1,1,0,0,0,20220214,20220511
1047,1,1,1,1,1,1,1,20220214,20220511
1048,0,0,0,0,0,1,1,20220214,20220511
1049,1,1,1,1,1,0,0,20220214,20220511
1050,0,1,0,1,1,0,0,20220214,20220511
1051,1,1,1,1,1,1,1,20220214,20220511
1052,0,0,0,0,0,0,0,20220214,20220511
1053,1,1,1,1,1,0,0,20220214,20220511
1054,1,1,1,1,1,1,1,20220214,20220511
1055,0,0,0,0,0,1,0,20220214,20220511
1056,1,1,1,1,1,0,0,20220214,20220511
1057,0,0,0,0,0,0,0,20220214,20220511
1058,1,1,1,1,1,1,0,20220214,20220511
1059,1,1,1,1,1,0,0,20220214,20220511
1060,1,1,1,1,0,0,0,20220214,20220511
1061,0,0,0,0,0,0,0,20220214,20220511
1062,1,1,1,1,1,0,0,20220214,20220511
1063,0,0,0,0,0,0,0,20220214,20220511
1064,0,0,0,0,0,0,0,20220214,20220511
1065,1,1,1,1,1,0,0,20220214,20220511
1066,0,0,0,0,0,1,1,20220214,20220511
1067,0,0,0,0,0,0,0,20220214,20220511
1068,0,0,0,0,0,1,0,20220214,20220511
1069,0,0,0,0,0,1,1,20220214,20220511
1070,0,0,0,0,0,1,1,20220214,20220511
1071,1,1,1,1,1,1,1,20220214,20220511
1072,0,0,0,0,0,0,0,20220214,20220511
1073,0,0,0,0,0,0,0,20220214,20220511
1074,0,0,0,0,0,0,0,20220214,20220511
1075,1,1,1,1,1,0,0,20220214,20220511
1076,1,1,1,1,1,1,1,20220214,20220511
1077,1,1,1,1,1,1,1,20220214,20220511
1078,0,0,0,0,0,0,0,20220214,20220511
1079,1,1,1,1,0,0,0,20220214,20220511
1080,1,1,1,1,0,0,0,20220214,20220511
1081,0,0,0,0,1,0,0,20220214,20220511
1082,0,0,0,0,0,0,0,20220214,20220511
1083,0,0,0,1,1,0,0,20220214,20220511
1084,0,1,1,1,1,1,1,20220214,20220511
1085,0,0,0,0,0,0,0,20220214,20220511
1086,0,0,0,0,0,0,0,20220214,20220511
1087,0,0,0,0,1,0,0,20220214,20220511
1088,0,0,0,0,0,0,0,20220214,20220511
1089,0,0,0,0,0,0,0,20220214,20220511
1090,0,0,0,0,0,0,0,20220214,20220511
1091,1,1,1,1,0,0,0,20220214,20220511
1092,0,0,0,0,0,1,0,20220214,20220511
1093,1,1,1,1,0,0,0,20220214,20220511
1094,1,1,1,1,0,0,0,20220214,20220511
1095,0,0,0,0,0,0,0,20220214,20220511
1096,0,0,0,0,0,1,0,20220214,20220511
1097,0,1,0,1,0,0,0,20220214,20220511
1098,0,0,0,0,0,0,0,20220214,20220511
1099,0,0,0,0,0,0,0,20220214,20220511
1100,0,0,0,0,0,0,1,20220214,20220511
1101,0,0,0,0,0,0,0,20220214,20220511
1102,0,0,0,0,0,0,0,20220214,20220511
1103,1,1,1,1,1,1,1,20220214,20220511
1104,0,0,0,0,0,0,0,20220214,20220511
1105,1,1,1,1,1,0,0,20220214,20220511
1106,0,0,0,0,0,0,0,20220214,20220511
1107,0,0,0,0,0,1,0,20220214,20220511
1108,1,1,1,1,1,0,0,20220214,20220511
1109,0,0,0,0,0,1,0,20220214,20220511
1110,1,1,1,1,1,1,1,20220214,20220511
1111,1,1,1,1,1,1,1,20220214,20220511
1112,1,1,1,1,1,1,1,20220214,20220511
1113,1,1,1,1,1,1,1,20220214,20220511
1114,0,0,0,0,0,0,0,20220214,20220511
1115,1,1,1,1,0,1,1,20220214,20220511
1116,1,1,1,1,1,1,1,20220214,20220511
1117,0,0,0,0,0,0,0,20220214,20220511
1118,1,1,1,1,1,1,1,20220214,20220511
1119,1,1,1,1,0,0,1,20220214,20220511
1120,0,0,0,0,0,0,0,20220214,20220511
1121,0,0,0,0,0,0,0,20220214,20220511
1122,1,1,1,1,1,1,1,20220214,20220511
1123,1,1,1,1,1,1,1,20220214,20220511
1124,0,0,0,0,0,1,1,20220214,20220511
1125,0,0,0,0,0,0,0,20220214,20220511
1126,1,1,1,1,1,0,0,20220214,20220511
1127,0,0,0,0,0,1,1,20220214,20220511
1128,0,0,0,0,0,1,0,20220214,20220511
1129,0,0,0,0,0,1,1,20220214,20220511
1130,1,1,1,1,1,0,0,20220214,20220511
1131,0,0,0,0,0,1,1,20220214,20220511
1132,0,0,0,0,1,0,0,20220214,20220511
1133,0,0,0,0,0,1,1,20220214,20220511
1134,0,0,0,0,0,0,0,20220214,20220511
1135,0,0,0,1,1,0,0,20220214,20220511
1136,0,0,0,0,0,0,0,20220214,20220511
1137,0,0,0,0,0,0,0,20220214,20220511
1138,1,1,1,1,1,0,0,20220214,20220511
1139,0,0,0,0,0,1,0,20220214,20220511
1140,0,0,0,0,0,1,1,20220214,20220511
1141,0,0,0,0,0,0,0,20220214,20220511
1142,1,1,1,1,0,0,0,20220214,20220511
1143,0,0,0,0,0,0,0,20220214,20220511
1144,0,0,0,0,0,0,0,20220214,20220511
1145,1,0,0,0,0,0,0,20220214,20220511
1146,0,0,0,0,0,0,0,20220214,20220511
1147,0,0,0,0,0,0,0,20220214,20220511
1148,0,0,0,0,0,0,0,20220214,20220511
1149,0,0,0,0,0,0,0,20220214,20220511
1150,1,1,1,1,1,1,1,20220214,20220511
1151,1,1,1,1,1,1,1,20220214,20220511
1152,1,1,1,1,1,1,1,20220214,20220511
1153,0,0,0,0,0,0,0,20220214,20220511
1154,0,0,0,0,0,1,1,20220214,20220511
1155,0,0,0,0,0,0,0,20220214,20220511
1156,0,0,0,0,0,0,0,20220214,20220511
1157,0,0,0,0,0,0,0,20220214,20220511
1158,0,0,0,0,0,0,0,20220214,20220511
1159,1,1,1,1,1,1,1,20220214,20220511
1160,0,0,0,0,0,1,0,20220214,20220511
1161,1,1,1,1,1,0,1,20220214,20220511
1162,1,1,1,1,1,1,1,20220214,20220511
1163,0,0,0,0,0,0,0,20220214,20220511
1164,1,1,1,1,1,1,1,20220214,20220511
1165,0,0,0,0,0,0,0,20220214,20220511
1166,0,0,0,0,0,1,0,20220214,20220511
1167,0,0,0,0,0,1,1,20220214,20220511
1168,0,0,0,0,0,0,0,20220214,20220511
1169,0,0,0,0,0,0,0,20220214,20220511
1170,1,1,1,1,1,0,0,20220214,20220511
1171,0,0,0,0,0,0,0,20220214,20220511
1172,0,0,0,0,0,1,1,20220214,20220511
1173,1,1,1,1,1,1,1,20220214,20220511
1174,1,1,1,1,1,0,0,20220214,20220511
1175,0,0,0,0,0,1,0,20220214,20220511
1176,1,1,1,1,1,1,0,20220214,20220511
1177,1,1,1,1,1,1,1,20220214,20220511
1178,1,1,1,1,1,1,1,20220214,20220511
1179,1,1,1,1,1,1,1,20220214,20220511
1180,1,1,1,1,1,0,0,20220214,20220511
1181,0,0,0,0,0,0,0,20220214,20220511
1182,0,0,0,0,1,1,0,20220214,20220511
1183,1,1,1,1,1,1,0,20220214,20220511
1184,1,1,1,1,1,1,0,20220214,20220511
1185,1,1,1,1,1,1,0,20220214,20220511
1186,1,1,1,1,0,0,1,20220214,20220511
1187,0,0,0,0,0,0,0,20220214,20220511
1188,1,1,1,1,0,0,1,20220214,20220511
1189,0,0,0,0,0,0,0,20220214,20220511
1190,0,0,0,0,0,0,0,20220214,20220511
1191,1,1,1,1,0,0,1,20220214,20220511
1192,0,0,0,0,1,1,0,20220214,20220511
1193,1,1,1,1,1,0,0,20220214,20220511
1194,1,1,1,1,1,0,0,20220214,20220511
1195,0,0,0,0,0,0,0,20220214,20220511
1196,0,0,0,0,0,0,0,20220214,20220511
1197,0,0,0,0,0,0,0,20220214,20220511
1198,0,0,0,0,0,0,0,20220214,20220511
1199,0,0,0,0,0,0,0,20220214,20220511
1200,0,0,0,0,0,0,0,20220214,20220511
1201,0,0,0,0,0,0,0,20220214,20220511
1202,0,0,0,0,0,0,0,20220214,20220511
1203,0,0,0,0,0,0,0,20220214,20220511
1204,0,0,0,0,0,0,0,20220214,20220511
1205,0,0,0,0,0,0,0,20220214,20220511
1206,0,0,0,0,0,0,0,20220214,20220511
1207,0,0,0,0,0,0,0,20220214,20220511
1208,0,0,0,0,0,0,0,20220214,20220511
1209,0,0,0,0,0,0,0,20220214,20220511
1210,0,0,0,0,0,0,0,20220214,20220511
1211,0,0,0,0,0,0,0,20220214,20220511
1212,0,0,0,0,0,0,0,20220214,20220511
1213,0,0,0,0,0,0,0,20220214,20220511
1214,0,0,0,0,0,0,0,20220214,20220511
1215,0,0,0,0,0,0,0,20220214,20220511
1216,0,0,0,0,0,0,0,20220214,20220511
1217,0,0,0,0,0,0,0,20220214,20220511
1218,0,0,0,0,0,0,0,20220214,20220511
1219,0,0,0,0,0,0,0,20220214,20220511
1220,0,0,0,0,0,0,0,20220214,20220511
1221,0,0,0,0,0,0,0,20220214,20220511
1222,0,0,0,0,0,0,0,20220214,20220511
1223,0,0,0,0,0,0,0,20220214,20220511
1224,0,0,0,0,0,0,0,20220214,20220511
1225,0,0,0,0,0,0,0,20220214,20220511
1226,0,0,0,0,0,0,0,20220214,20220511
1227,0,0,0,0,0,0,0,20220214,20220511
1228,0,0,0,0,0,0,0,20220214,20220511
1229,0,0,0,0,0,0,0,20220214,20220511
1230,0,0,0,0,0,0,0,20220214,20220511
1231,0,0,0,0,0,0,0,20220214,20220511
1232,0,0,0,0,0,0,0,20220214,20220511
1233,0,0,0,0,0,0,0,20220214,20220511
1234,0,0,0,0,0,0,0,20220214,20220511
1235,0,0,0,0,0,0,0,20220214,20220511
1236,0,0,0,0,0,0,0,20220214,20220511
1237,0,0,0,0,0,0,0,20220214,20220511
1238,0,0,0,0,0,0,0,20220214,20220511
1239,0,0,0,0,0,0,0,20220214,20220511
1240,0,0,0,0,0,0,0,20220214,20220511
1241,0,0,0,0,0,0,0,20220214,20220511
1242,0,0,0,0,0,0,0,20220214,20220511
1243,0,0,0,0,0,0,0,20220214,20220511
1244,0,0,0,0,0,0,0,20220214,20220511
1245,0,0,0,0,0,0,0,20220214,20220511
1246,0,0,0,0,0,0,0,20220214,20220511
1247,0,0,0,0,0,0,0,20220214,20220511
1248,0,0,0,0,0,0,0,20220214,20220511
1249,0,0,0,0,0,0,0,20220214,20220511
1250,0,0,0,0,0,0,0,20220214,20220511
1251,0,1,0,0,0,0,0,20220214,20220511
1252,0,0,0,0,0,0,0,20220214,20220511
1253,1,1,1,1,1,1,1,20220214,20220511
1254,1,1,1,1,1,0,0,20220214,20220511
1255,0,0,0,0,0,0,0,20220214,20220511
1256,1,1,1,1,1,0,0,20220214,20220511
1257,0,0,0,0,0,0,0,20220214,20220511
1258,0,0,0,0,0,0,0,20220214,20220511
1259,1,1,1,1,1,1,1,20220214,20220511
1260,0,0,0,0,0,0,0,20220214,20220511
1261,1,1,1,1,0,1,1,20220214,20220511
1262,0,0,0,0,0,0,0,20220214,20220511
1263,0,0,0,0,0,0,0,20220214,20220511
1264,0,0,0,0,0,0,0,20220214,20220511
1265,1,1,1,1,1,0,0,20220214,20220511
1266,1,1,1,1,0,0,0,20220214,20220511
1267,0,0,0,0,1,0,0,20220214,20220511
1268,1,1,1,1,0,0,0,20220214,20220511
1269,0,0,0,0,0,0,0,20220214,20220511
1270,0,0,0,0,0,0,0,20220214,20220511
1271,0,0,0,0,1,0,0,20220214,20220511
1272,1,1,1,1,1,0,0,20220214,20220511
1273,1,1,1,1,1,0,0,20220214,20220511
1274,0,0,0,0,0,0,0,20220214,20220511
1275,0,0,0,0,0,0,0,20220214,20220511
1276,0,0,0,0,1,1,0,20220214,20220511
1277,0,0,0,0,0,0,0,20220214,20220511
1278,0,0,0,0,1,1,0,20220214,20220511
1279,0,0,0,0,0,0,0,20220214,20220511
1280,0,0,0,0,0,0,0,20220214,20220511
1281,0,0,0,0,0,0,0,20220214,20220511
1282,0,0,0,0,0,0,1,20220214,20220511
1283,0,0,0,0,0,0,0,20220214,20220511
1284,1,1,1,1,1,1,1,20220214,20220511
1285,1,1,1,1,1,1,1,20220214,20220511
1286,1,1,1,1,0,1,1,20220214,20220511
1287,0,0,0,0,1,0,0,20220214,20220511
1288,1,1,1,1,1,1,1,20220214,20220511
1289,0,0,0,0,0,0,0,20220214,20220511
1290,1,1,1,1,1,1,1,20220214,20220511
1291,0,0,0,0,0,0,0,20220214,20220511
1292,0,0,0,0,0,0,0,20220214,20220511
1293,1,1,1,1,1,0,1,20220214,20220511
1294,0,0,0,0,0,0,0,20220214,20220511
1295,0,0,0,0,0,0,0,20220214,20220511
1296,1,1,1,1,1,1,1,20220214,20220511
1297,0,1,1,1,1,0,0,20220214,20220511
1298,0,0,0,0,0,0,0,20220214,20220511
1299,0,0,0,0,0,0,0,20220214,20220511
1300,0,0,0,0,0,0,0,20220214,20220511
1301,1,1,1,1,1,0,0,20220214,20220511
1302,1,0,0,1,1,0,0,20220214,20220511
1303,1,1,1,1,1,0,0,20220214,20220511
1304,1,1,1,1,1,0,0,20220214,20220511
1305,0,0,1,1,1,0,0,20220214,20220511
1306,0,0,0,0,0,0,0,20220214,20220511
1307,0,0,0,0,0,0,0,20220214,20220511
1308,0,0,0,0,0,0,0,20220214,20220511
1309,0,0,0,0,0,0,0,20220214,20220511
1310,0,0,0,0,0,0,0,20220214,20220511
1311,0,0,0,0,0,0,0,20220214,20220511
1312,0,0,0,0,0,0,0,20220214,20220511
1313,0,0,0,0,0,0,0,20220214,20220511
1314,0,0,0,0,0,0,0,20220214,20220511
1315,0,0,0,0,0,0,0,20220214,20220511
1316,0,0,0,0,0,0,0,20220214,20220511
1317,0,0,0,0,0,0,0,20220214,20220511
1318,0,0,0,0,0,0,0,20220214,20220511
1319,0,0,0,0,0,0,0,20220214,20220511
1320,0,0,0,0,0,0,0,20220214,20220511
1321,0,0,0,0,0,0,0,20220214,20220511
1322,0,0,0,0,0,0,0,20220214,20220511
1323,0,0,0,0,0,0,0,20220214,20220511
1324,0,0,0,0,0,0,0,20220214,20220511
1325,0,0,0,0,0,0,0,20220214,20220511
1326,1,1,1,1,1,0,0,20220214,20220511
1327,0,0,0,0,0,0,0,20220214,20220511
1328,0,0,0,0,0,1,1,20220214,20220511
1329,0,0,0,0,0,0,0,20220214,20220511
1330,1,1,1,1,1,0,0,20220214,20220511
1331,1,1,1,1,1,1,1,20220214,20220511
1332,0,0,0,0,0,0,0,20220214,20220511
1333,0,0,0,0,0,0,0,20220214,20220511
1334,1,1,1,1,1,0,0,20220214,20220511
1335,0,0,0,0,0,0,0,20220214,20220511
1336,1,1,1,1,1,1,1,20220214,20220511
1337,1,1,1,1,1,1,1,20220214,20220511
1338,0,0,0,0,0,1,1,20220214,20220511
1339,1,1,1,1,1,0,0,20220214,20220511
1340,0,0,0,0,0,0,0,20220214,20220511
1341,1,1,1,1,1,0,0,20220214,20220511
1342,0,0,0,0,0,0,0,20220214,20220511
1343,1,1,1,1,1,1,1,20220214,20220511
1344,1,1,1,1,0,0,0,20220214,20220511
1345,0,0,0,0,1,1,1,20220214,20220511
1346,0,0,0,0,0,0,0,20220214,20220511
1347,0,0,0,0,0,0,0,20220214,20220511
1348,1,1,1,1,1,0,0,20220214,20220511
1349,0,0,0,0,0,0,0,20220214,20220511
1350,1,1,1,1,1,0,0,20220214,20220511
1351,0,0,0,0,1,1,1,20220214,20220511
1352,0,0,0,0,0,0,0,20220214,20220511
1353,1,1,1,1,1,0,0,20220214,20220511
1354,0,0,0,0,0,0,0,20220214,20220511
1355,0,0,0,0,1,0,0,20220214,20220511
1356,0,0,0,0,0,0,0,20220214,20220511
1357,1,1,1,1,1,0,0,20220214,20220511
1358,0,0,0,0,0,0,0,20220214,20220511
1359,0,0,0,0,0,0,0,20220214,20220511
1360,0,0,0,0,0,0,0,20220214,20220511
1361,0,0,0,0,0,0,0,20220214,20220511
1362,1,1,1,1,1,0,0,20220214,20220511
1363,1,1,1,1,1,1,1,20220214,20220511
1364,0,0,0,0,1,0,0,20220214,20220511
1365,0,0,0,0,0,0,0,20220214,20220511
1366,0,0,0,0,0,0,0,20220214,20220511
1367,0,0,0,0,0,0,0,20220214,20220511
1368,0,0,0,0,0,0,0,20220214,20220511
1369,0,0,0,0,0,0,0,20220214,20220511
1370,0,0,0,0,0,0,0,20220214,20220511
1371,0,0,0,0,0,0,0,20220214,20220511
1372,0,0,0,0,0,0,0,20220214,20220511
1373,0,0,0,0,0,0,0,20220214,20220511
1374,0,0,0,0,0,0,0,20220214,20220511
1375,0,0,0,0,0,0,0,20220214,20220511
1376,0,0,0,0,0,0,0,20220214,20220511
1377,0,0,0,0,0,0,0,20220214,20220511
1378,0,0,0,0,0,0,0,20220214,20220511
1379,0,0,0,0,0,0,0,20220214,20220511
1380,0,0,0,0,0,0,0,20220214,20220511
1381,1,1,1,1,0,0,0,20220214,20220511
1382,0,0,0,0,0,0,0,20220214,20220511
1383,0,0,0,0,0,0,0,20220214,20220511
1384,1,1,1,1,1,1,1,20220214,20220511
1385,1,1,1,1,1,1,1,20220214,20220511
1386,1,1,1,1,1,1,1,20220214,20220511
1387,0,0,0,0,0,0,0,20220214,20220511
1388,0,0,0,0,0,0,0,20220214,20220511
1389,0,0,0,0,0,0,0,20220214,20220511
1390,1,1,0,1,1,0,0,20220214,20220511
1391,0,0,0,0,0,0,0,20220214,20220511
1392,0,0,0,0,0,0,0,20220214,20220511
1393,0,0,0,0,0,0,0,20220214,20220511
1394,0,0,0,0,0,0,0,20220214,20220511
1395,0,0,0,0,0,0,0,20220214,20220511
1396,1,0,0,0,1,0,0,20220214,20220511
1397,0,0,0,0,0,0,0,20220214,20220511
1398,0,0,0,0,0,0,0,20220214,20220511
1399,0,0,0,0,0,0,0,20220214,20220511
1400,0,0,0,0,0,0,0,20220214,20220511
1401,0,0,0,0,0,1,0,20220214,20220511
1402,0,0,0,0,0,0,0,20220214,20220511
1403,0,0,0,0,0,0,0,20220214,20220511
1404,0,0,0,0,0,0,0,20220214,20220511
1405,0,0,0,0,0,0,0,20220214,20220511
1406,0,0,0,0,0,0,0,20220214,20220511
1407,0,0,0,0,0,0,0,20220214,20220511
1408,0,0,0,0,0,0,0,20220214,20220511
1409,0,0,0,0,0,0,0,20220214,20220511
1410,0,0,0,0,0,0,0,20220214,20220511
1411,0,0,0,0,0,1,0,20220214,20220511
1412,0,0,0,0,1,0,0,20220214,20220511
1413,1,1,1,1,0,0,1,20220214,20220511
1414,0,0,0,0,0,0,0,20220214,20220511
1415,0,0,0,0,0,0,0,20220214,20220511
1416,0,0,0,0,0,0,0,20220214,20220511
1417,1,1,1,1,1,1,1,20220214,20220511
1418,0,0,0,0,0,0,0,20220214,20220511
1419,0,0,0,0,0,0,0,20220214,20220511
1420,0,0,0,0,0,0,0,20220214,20220511
1421,0,0,0,0,0,0,0,20220214,20220511
1422,0,0,0,0,0,0,0,20220214,20220511
1423,0,0,0,0,0,1,1,20220214,20220511
1424,1,1,1,0,0,0,1,20220214,20220511
1425,0,0,0,1,1,1,0,20220214,20220511
1426,1,1,1,1,0,0,0,20220214,20220511
1427,0,0,0,0,0,0,0,20220214,20220511
1428,0,0,0,0,0,0,0,20220214,20220511
1429,0,0,0,0,0,0,0,20220214,20220511
1430,0,0,0,0,0,0,0,20220214,20220511
1431,0,0,0,0,0,0,0,20220214,20220511
1432,0,0,0,0,0,0,0,20220214,20220511
1433,0,0,0,0,0,0,0,20220214,20220511
1434,0,0,0,0,0,0,0,20220214,20220511
1435,1,1,1,1,1,0,0,20220214,20220511
1436,1,1,1,1,0,0,0,20220214,20220511
1437,0,0,0,0,1,0,0,20220214,20220511
1438,0,0,0,0,1,0,0,20220214,20220511
1439,1,1,1,1,1,0,0,20220214,20220511
1440,0,0,0,0,0,0,0,20220214,20220511
1441,0,0,0,0,0,0,0,20220214,20220511
1442,0,0,0,0,0,0,0,20220214,20220511
1443,0,0,0,0,0,0,0,20220214,20220511
1444,1,1,0,1,0,0,0,20220214,20220511
1445,0,0,0,0,0,0,0,20220214,20220511
1446,0,0,0,0,0,0,0,20220214,20220511
1447,0,0,0,0,0,0,0,20220214,20220511
1448,0,0,0,0,0,0,0,20220214,20220511
1449,0,0,0,0,0,0,0,20220214,20220511
1450,0,0,0,0,0,0,0,20220214,20220511
1451,1,1,0,0,0,0,0,20220214,20220511
1452,0,0,0,0,0,0,0,20220214,20220511
1453,0,0,0,0,0,0,0,20220214,20220511
1454,0,0,0,1,0,0,0,20220214,20220511
1455,0,0,0,0,0,0,0,20220214,20220511
1456,0,0,0,0,0,0,0,20220214,20220511
1457,0,0,0,0,0,0,0,20220214,20220511
1458,0,0,0,0,0,0,0,20220214,20220511
1459,0,0,0,0,0,0,0,20220214,20220511
1460,0,0,0,0,0,0,0,20220214,20220511
1461,0,0,0,1,0,0,0,20220214,20220511
1462,1,1,1,1,1,1,0,20220214,20220511
1463,0,0,0,0,0,0,1,20220214,20220511
1464,0,0,0,0,0,0,0,20220214,20220511
1465,0,0,0,0,0,0,0,20220214,20220511
1466,0,0,0,0,0,1,1,20220214,20220511
1467,1,1,1,1,1,0,0,20220214,20220511
1468,1,1,1,1,1,0,0,20220214,20220511
1469,0,0,0,0,0,1,1,20220214,20220511
1470,0,0,0,0,0,1,0,20220214,20220511
1471,1,1,1,1,1,0,1,20220214,20220511
1472,0,0,0,0,1,1,0,20220214,20220511
1473,0,0,0,0,0,0,0,20220214,20220511
1474,0,0,0,0,0,0,0,20220214,20220511
1475,0,0,0,0,0,0,0,20220214,20220511
1476,0,0,0,0,0,0,0,20220214,20220511
1477,0,0,0,0,0,0,0,20220214,20220511
1478,0,0,0,0,0,0,0,20220214,20220511
1479,0,0,0,0,0,0,0,20220214,20220511
1480,0,0,0,0,0,0,0,20220214,20220511
1481,0,0,0,0,0,0,0,20220214,20220511
1482,0,0,0,0,0,0,0,20220214,20220511
1483,0,0,0,0,0,0,0,20220214,20220511
1484,0,0,0,0,0,0,0,20220214,20220511
1485,0,0,0,0,0,0,0,20220214,20220511
1486,0,0,0,0,0,0,0,20220214,20220511
1487,0,0,0,0,0,0,0,20220214,20220511
1488,0,0,0,0,0,0,0,20220214,20220511
1489,0,0,0,0,0,0,0,20220214,20220511
1490,0,0,0,0,0,0,0,20220214,20220511
1491,0,0,0,0,0,0,0,20220214,20220511
1492,0,0,0,0,0,0,0,20220214,20220511
1493,0,0,0,0,0,0,0,20220214,20220511
1494,0,0,0,0,0,0,0,20220214,20220511
1495,0,0,0,0,0,0,0,20220214,20220511
1496,0,0,0,0,0,0,0,20220214,20220511
1497,0,0,0,0,0,0,0,20220214,20220511
1498,0,0,0,0,0,0,0,20220214,20220511
1499,0,0,0,0,0,0,0,20220214,20220511
1500,0,0,0,0,0,0,0,20220214,20220511
1501,0,0,0,0,0,0,0,20220214,20220511
1502,0,0,0,0,0,0,0,20220214,20220511
1503,0,0,0,0,0,0,0,20220214,20220511
1504,0,0,0,0,0,0,0,20220214,20220511
1505,0,0,0,0,0,0,0,20220214,20220511
1506,0,0,0,0,0,0,0,20220214,20220511
1507,0,0,0,0,0,0,0,20220214,20220511
1508,0,0,0,0,0,0,0,20220214,20220511
1509,0,0,0,0,0,0,0,20220214,20220511
1510,0,0,0,0,0,0,0,20220214,20220511
1511,0,0,0,0,0,0,0,20220214,20220511
1512,0,0,0,0,0,0,0,20220214,20220511
1513,1,1,1,1,1,0,0,20220214,20220511
1514,0,0,0,1,0,0,0,20220214,20220511
1515,0,1,0,0,0,0,0,20220214,20220511
1516,0,0,1,0,0,0,0,20220214,20220511
1517,1,0,0,0,0,0,0,20220214,20220511
1518,0,1,0,0,0,0,0,20220214,20220511
1519,0,0,0,0,1,1,0,20220214,20220511
1520,1,1,1,1,1,0,0,20220214,20220511
1521,0,0,0,0,0,0,0,20220214,20220511
1522,0,0,1,0,1,0,0,20220214,20220511
1523,1,1,0,1,0,0,0,20220214,20220511
1524,0,1,0,0,1,0,0,20220214,20220511
1525,0,1,1,1,0,0,0,20220214,20220511
1526,1,1,1,1,0,0,0,20220214,20220511
1527,0,0,0,0,0,0,0,20220214,20220511
1528,0,0,0,0,0,0,0,20220214,20220511
1529,1,1,0,1,1,1,1,20220214,20220511
1530,1,1,1,1,1,1,1,20220214,20220511
1531,0,0,0,0,0,0,0,20220214,20220511
1532,0,1,0,1,1,0,1,20220214,20220511
1533,0,0,1,0,0,0,0,20220214,20220511
1534,1,1,1,1,0,0,0,20220214,20220511
1535,1,0,1,0,1,0,0,20220214,20220511
1536,0,0,0,0,0,1,0,20220214,20220511
1537,0,0,0,0,0,0,1,20220214,20220511
1538,1,1,1,1,1,0,0,20220214,20220511
1539,0,0,0,0,0,0,0,20220214,20220511
1540,0,1,0,1,0,0,0,20220214,20220511
1541,1,1,1,1,1,0,0,20220214,20220511
1542,0,0,0,0,0,0,0,20220214,20220511
1543,0,0,1,1,1,0,0,20220214,20220511
1544,1,1,0,1,1,0,0,20220214,20220511
1545,0,1,1,1,0,0,0,20220214,20220511
1546,1,1,0,0,1,0,0,20220214,20220511
1547,1,0,0,0,1,0,0,20220214,20220511
1548,1,1,0,1,0,0,0,20220214,20220511
1549,1,0,1,1,1,0,0,20220214,20220511
1550,1,1,0,0,0,0,0,20220214,20220511
1551,1,1,1,1,0,0,1,20220214,20220511
1552,1,0,1,0,1,0,0,20220214,20220511
1553,0,0,1,1,0,0,0,20220214,20220511
1554,1,1,0,0,1,0,0,20220214,20220511
1555,0,0,1,0,0,0,0,20220214,20220511
1556,1,0,1,1,0,0,0,20220214,20220511
1557,0,0,0,0,0,0,0,20220214,20220511
1558,1,1,1,1,0,0,0,20220214,20220511
1559,0,0,0,0,0,0,0,20220214,20220511
1560,0,0,1,1,0,0,0,20220214,20220511
1561,0,1,1,0,1,0,0,20220214,20220511
1562,0,1,0,1,1,0,0,20220214,20220511
1563,0,1,1,0,1,0,0,20220214,20220511
1564,0,0,1,1,0,0,0,20220214,20220511
1565,0,0,0,0,0,0,0,20220214,20220511
1566,1,1,1,1,1,0,0,20220214,20220511
1567,1,0,0,1,0,0,0,20220214,20220511
1568,1,0,1,1,0,0,0,20220214,20220511
1569,1,0,1,0,0,0,0,20220214,20220511
1570,0,1,0,0,1,0,0,20220214,20220511
1571,0,0,1,0,1,0,0,20220214,20220511
1572,0,1,1,0,0,0,0,20220214,20220511
1573,0,1,1,0,0,0,0,20220214,20220511
1574,0,0,0,0,0,0,0,20220214,20220511
1575,1,1,1,1,1,0,0,20220214,20220511
1576,0,0,0,0,0,1,0,20220214,20220511
1577,0,1,1,1,1,0,0,20220214,20220511
1578,1,1,1,1,1,1,1,20220214,20220511
1579,1,1,1,1,1,1,0,20220214,20220511
1580,1,1,1,1,1,0,1,20220214,20220511
1581,0,0,1,0,1,1,1,20220214,20220511
1582,0,0,0,0,0,0,0,20220214,20220511
1583,0,0,0,0,0,0,0,20220214,20220511
1584,0,0,0,0,0,0,0,20220214,20220511
1585,0,0,0,0,0,0,0,20220214,20220511
1586,1,1,1,1,1,0,0,20220214,20220511
1587,0,0,0,0,0,0,0,20220214,20220511
1588,0,0,0,0,0,1,0,20220214,20220511
1589,0,0,0,0,0,1,0,20220214,20220511
1590,0,0,0,0,0,0,1,20220214,20220511
1591,0,0,0,0,0,0,0,20220214,20220511
1592,0,0,0,0,0,0,0,20220214,20220511
1593,0,0,0,0,0,0,0,20220214,20220511
1594,0,0,0,0,0,0,0,20220214,20220511
1595,0,0,0,0,0,0,0,20220214,20220511
1596,0,0,0,0,0,0,0,20220214,20220511
1597,0,0,0,0,0,0,0,20220214,20220511
1598,1,1,1,1,1,1,0,20220214,20220511
1599,0,0,0,0,0,1,1,20220214,20220511
1600,0,0,0,0,0,0,0,20220214,20220511
1601,0,0,0,0,0,0,0,20220214,20220511
1602,0,0,0,0,0,0,0,20220214,20220511
1603,0,0,0,0,0,0,0,20220214,20220511
1604,1,1,1,1,1,0,0,20220214,20220511
1605,1,1,1,1,1,0,0,20220214,20220511
1606,1,1,1,1,1,0,0,20220214,20220511
1607,1,1,1,1,1,0,0,20220214,20220511
1608,0,0,0,0,0,0,0,20220214,20220511
1609,0,0,0,0,0,0,0,20220214,20220511
1610,0,0,0,0,0,0,0,20220214,20220511
1611,1,1,1,1,1,0,0,20220214,20220511
1612,0,0,0,0,0,0,0,20220214,20220511
1613,1,1,1,1,1,0,0,20220214,20220511
1614,1,1,1,1,1,0,0,20220214,20220511
1615,1,1,1,1,0,0,0,20220214,20220511
1616,0,0,0,0,0,0,0,20220214,20220511
1617,0,0,0,0,0,0,0,20220214,20220511
1618,0,0,0,0,0,1,1,20220214,20220511
1619,1,1,1,1,1,0,0,20220214,20220511
1620,0,0,0,0,0,0,0,20220214,20220511
1621,0,0,0,0,0,0,0,20220214,20220511
1622,0,0,0,0,0,0,0,20220214,20220511
1623,0,0,0,0,0,0,0,20220214,20220511
1624,0,0,0,0,0,0,0,20220214,20220511
1625,0,1,0,1,0,0,0,20220214,20220511
1626,1,0,1,0,1,0,0,20220214,20220511
1627,0,1,0,0,0,0,0,20220214,20220511
1628,0,0,0,1,1,0,0,20220214,20220511
1629,0,0,0,0,0,1,0,20220214,20220511
1630,0,0,0,0,0,1,1,20220214,20220511
1631,0,0,0,0,0,1,0,20220214,20220511
1632,1,1,1,1,0,0,0,20220214,20220511
1633,0,0,0,0,0,0,1,20220214,20220511
1634,1,1,1,1,1,0,0,20220214,20220511
1635,0,0,0,0,0,1,1,20220214,20220511
1636,0,0,0,0,0,0,0,20220214,20220511
1637,1,1,1,1,0,0,0,20220214,20220511
1638,0,0,0,1,0,0,0,20220214,20220511
1639,0,0,0,0,0,0,0,20220214,20220511
1640,0,0,0,0,0,1,0,20220214,20220511
1641,0,0,0,0,0,0,0,20220214,20220511
1642,0,0,0,0,0,0,0,20220214,20220511
1643,1,1,1,1,1,1,1,20220214,20220511
1644,0,0,0,0,1,0,0,20220214,20220511
1645,0,0,0,0,0,0,0,20220214,20220511
1646,0,0,0,0,0,1,0,20220214,20220511
1647,0,0,0,0,0,1,1,20220214,20220511
1648,0,0,0,1,0,0,0,20220214,20220511
1649,1,1,1,1,1,0,0,20220214,20220511
1650,1,1,1,1,0,0,0,20220214,20220511
1651,0,0,0,0,0,0,1,20220214,20220511
1652,0,0,0,0,0,1,1,20220214,20220511
1653,0,0,0,0,0,0,0,20220214,20220511
1654,1,1,1,1,1,0,0,20220214,20220511
1655,0,0,0,0,0,0,0,20220214,20220511
1656,1,1,1,1,1,0,0,20220214,20220511
1657,0,1,1,1,1,0,0,20220214,20220511
1658,0,1,1,1,1,0,0,20220214,20220511
1659,0,0,0,0,0,1,1,20220214,20220511
1660,0,1,1,1,1,0,0,20220214,20220511
1661,0,0,1,0,0,0,0,20220214,20220511
1662,0,0,1,0,0,0,0,20220214,20220511
1663,0,0,0,0,0,0,1,20220214,20220511
1664,0,0,1,0,1,0,0,20220214,20220511
1665,1,1,1,1,1,1,1,20220214,20220511
1666,1,1,1,1,1,0,0,20220214,20220511
1667,0,0,0,0,0,1,1,20220214,20220511
1668,1,1,1,1,1,0,0,20220214,20220511
1669,0,0,0,0,0,1,1,20220214,20220511
1670,0,0,0,0,0,1,0,20220214,20220511
1671,1,1,1,1,1,1,0,20220214,20220511
1672,0,0,0,0,0,0,0,20220214,20220511
1673,0,0,0,0,0,0,0,20220214,20220511
1674,0,0,0,0,0,0,0,20220214,20220511
1675,0,0,0,0,0,0,0,20220214,20220511
1676,0,0,0,0,0,1,0,20220214,20220511
1677,0,0,0,1,0,0,0,20220214,20220511
1678,0,0,0,0,0,0,0,20220214,20220511
1679,0,0,0,0,0,0,0,20220214,20220511
1680,0,0,0,0,0,0,0,20220214,20220511
1681,0,0,0,0,0,0,0,20220214,20220511
1682,0,0,0,0,0,0,0,20220214,20220511
1683,0,0,0,0,0,1,0,20220214,20220511
1684,0,0,0,0,0,0,0,20220214,20220511
1685,0,0,0,0,0,0,0,20220214,20220511
1686,0,0,0,0,0,0,0,20220214,20220511
1687,0,0,0,1,0,0,0,20220214,20220511
1688,0,0,0,0,0,0,0,20220214,20220511
1689,0,0,0,0,0,0,0,20220214,20220511
1690,0,0,0,0,0,0,0,20220214,20220511
1691,0,0,0,0,0,0,0,20220214,20220511
1692,0,0,0,0,0,0,0,20220214,20220511
1693,0,0,0,0,0,0,0,20220214,20220511
1694,0,0,0,1,0,0,0,20220214,20220511
1695,0,0,0,0,0,0,0,20220214,20220511
1696,0,0,0,0,0,0,0,20220214,20220511
1697,0,0,0,0,0,0,0,20220214,20220511
1698,0,0,0,0,0,0,0,20220214,20220511
1699,0,0,0,0,0,0,0,20220214,20220511
1700,0,0,0,0,1,0,0,20220214,20220511
1701,0,0,0,0,0,0,0,20220214,20220511
1702,0,0,0,0,0,0,0,20220214,20220511
1703,0,0,0,1,1,0,0,20220214,20220511
1704,0,0,0,0,0,0,0,20220214,20220511
1705,0,0,0,0,0,1,0,20220214,20220511
1706,0,0,0,1,0,0,0,20220214,20220511
1707,1,0,1,0,0,0,0,20220214,20220511
1708,0,1,1,1,1,0,0,20220214,20220511
1709,0,0,0,0,0,1,0,20220214,20220511
1710,0,0,0,0,0,0,0,20220214,20220511
1711,0,0,0,0,0,0,0,20220214,20220511
1712,0,0,1,0,1,0,0,20220214,20220511
1713,0,0,0,0,0,0,0,20220214,20220511
1714,0,0,0,0,0,0,0,20220214,20220511
1715,0,0,0,0,0,0,1,20220214,20220511
1716,0,0,0,0,0,0,0,20220214,20220511
1717,1,1,1,1,1,1,0,20220214,20220511
1718,1,1,1,1,1,0,1,20220214,20220511
1719,0,0,0,0,0,0,0,20220214,20220511
1720,0,0,0,0,0,0,0,20220214,20220511
1721,0,0,0,0,0,0,0,20220214,20220511
1722,1,1,0,0,1,0,0,20220214,20220511
1723,1,1,0,1,1,0,0,20220214,20220511
1724,0,0,1,0,0,0,0,20220214,20220511
1725,1,1,1,0,0,0,0,20220214,20220511
1726,1,1,1,1,1,0,0,20220214,20220511
1727,0,0,0,0,0,0,1,20220214,20220511
1728,0,1,1,0,1,0,0,20220214,20220511
1729,1,0,0,1,0,0,0,20220214,20220511
1730,1,1,1,1,0,0,0,20220214,20220511
1731,1,1,1,1,1,0,0,20220214,20220511
1732,1,0,0,0,0,0,0,20220214,20220511
1733,1,0,0,0,1,0,0,20220214,20220511
1734,1,0,1,0,1,0,0,20220214,20220511
1735,0,1,0,1,0,0,0,20220214,20220511
1736,0,0,0,1,0,0,0,20220214,20220511
1737,1,1,1,1,1,1,0,20220214,20220511
1738,1,1,1,1,0,0,0,20220214,20220511
1739,0,0,0,0,1,0,0,20220214,20220511
